7 7 7 7 7
7 7 7 7 7
8 8 8 8 8
8 8 8 8 3
3 3 3 3 8
7 7 7 7 7
7 7 7 7 7
8 8 8 8 8
8 8 8 3 3
3 3 8 8 8
7 7 7 7 7
7 7 7 7 7
8 8 8 8 8
8 8 8 3 3
3 8 8 8 8
7 7 7 7 7
7 7 7 7 7
3 8 8 8 8
8 8 3 3 3
8 8 8 8 8
7 7 7 7 7
7 7 7 7 3
3 3 3 8 8
8 8 3 3 8
8 8 8 8 8
7 7 7 7 7
7 7 7 3 3
3 3 3 3 3
8 8 3 8 8
8 8 8 8 8
7 7 7 7 7
7 7 3 3 3
3 3 3 3 3
3 8 8 8 8
8 8 8 8 8
7 7 7 7 7
7 3 3 3 3
3 3 3 3 3
3 3 8 8 8
8 8 8 8 8
1 1 7 7 7
0 0 3 3 3
3 3 3 3 3
3 3 3 8 8
8 8 8 8 8
1 1 1 1 1
0 0 0 0 3
3 3 3 3 3
3 3 3 8 8
8 8 8 8 8
1 1 1 1 1
0 0 0 0 0
3 3 3 3 3
3 3 3 3 8
8 8 8 8 8
1 1 1 1 1
0 0 0 0 0
0 0 3 3 3
3 3 3 3 3
8 8 8 8 8
1 1 1 1 1
0 0 0 0 0
0 0 0 3 3
3 3 3 3 3
8 8 8 8 8
1 1 1 1 1
1 0 0 0 0
0 0 0 0 0
3 3 3 3 3
3 8 8 8 8
1 1 1 1 1
1 0 0 0 0
0 0 0 0 0
0 3 3 3 3
3 3 8 8 8
1 1 1 1 1
1 0 0 0 0
0 0 0 0 0
0 0 0 3 3
3 3 8 8 8
1 1 1 1 1
1 1 0 0 0
0 0 0 0 0
0 0 0 0 3
3 3 3 8 8
1 1 1 1 1
1 9 9 9 9
9 9 9 9 9
9 9 9 9 9
9 9 9 9 8
1 1 1 1 1
1 9 9 9 9
9 9 9 9 9
9 9 9 9 9
9 9 9 9 9
1 1 1 1 1
9 9 9 9 9
9 9 9 9 9
9 9 9 9 9
9 9 9 9 9
1 4 4 4 4
4 9 9 9 9
9 9 9 9 9
9 9 9 9 9
9 9 9 9 9
4 4 4 4 4
4 9 9 9 9
9 9 9 9 9
9 9 9 9 9
9 9 9 9 9
4 4 4 4 4
4 4 9 9 9
9 9 9 9 9
9 9 9 9 9
9 9 9 9 9
4 4 4 4 4
4 4 9 9 9
9 9 9 9 9
9 9 9 9 9
9 9 9 9 9
4 4 4 4 4
4 4 4 9 9
9 9 9 9 9
9 9 9 9 9
9 9 9 6 6
4 4 4 4 4
4 4 4 9 9
9 9 9 9 9
9 9 9 9 9
9 9 6 6 6
4 4 4 4 4
4 4 4 5 5
5 9 9 9 9
9 9 9 9 9
9 6 6 6 6
4 4 4 4 4
4 5 5 5 5
5 5 5 5 9
2 2 2 2 2
6 6 6 6 6
4 4 4 4 4
5 5 5 5 5
5 5 5 2 2
2 2 2 2 2
6 6 6 6 6
4 4 4 4 5
5 5 5 5 5
5 5 2 2 2
2 2 2 2 6
6 6 6 6 6
4 4 4 5 5
5 5 5 5 5
5 2 2 2 2
2 2 2 2 6
6 6 6 6 6
4 4 5 5 5
5 5 5 5 5
5 2 2 2 2
2 2 2 2 6
6 6 6 6 6
4 5 5 5 5
5 5 5 5 5
2 2 2 2 2
2 2 2 6 6
6 6 6 6 6
5 5 5 5 5
5 5 5 5 2
2 2 2 2 2
2 2 2 6 6
6 6 6 6 6
5 5 5 5 5
5 5 5 2 2
2 2 2 2 2
2 2 2 6 6
6 6 6 6 6
5 5 5 5 5
5 5 2 2 2
2 2 2 2 2
2 2 6 6 6
6 6 6 6 6
5 5 5 5 5
5 2 2 2 2
2 2 2 2 2
2 2 6 6 6
6 6 6 6 6
5 5 5 5 5
2 2 2 2 2
2 2 2 2 2
2 2 6 6 6
6 6 6 6 6
1 1 1 5 2
2 2 2 2 2
2 2 2 2 2
2 2 6 6 6
6 6 6 6 6
1 1 1 1 1
2 2 2 2 2
2 2 2 2 2
2 6 6 6 6
6 6 6 6 6
1 1 1 1 1
1 1 2 2 2
2 2 2 2 2
2 6 6 6 6
6 6 6 6 6
1 1 1 1 1
1 1 1 2 2
2 2 2 7 7
7 6 6 6 6
6 6 6 6 6
1 1 1 1 1
1 1 1 1 7
7 7 7 7 7
7 7 7 6 6
6 6 6 6 6
1 1 1 1 1
1 1 1 1 7
7 7 7 7 7
7 7 7 7 6
6 6 6 6 6
1 1 1 1 1
1 1 1 1 7
7 7 7 7 7
7 7 7 7 7
7 6 6 6 6
1 1 1 1 1
1 1 1 1 7
7 7 7 7 7
7 7 7 7 7
7 7 6 6 6
1 1 1 1 1
1 1 1 1 7
7 7 7 7 7
7 7 7 7 7
7 7 7 6 6
1 1 1 1 1
1 1 1 1 7
7 7 7 7 7
7 7 7 7 7
7 7 7 7 7
1 1 1 1 1
1 1 1 1 7
7 7 7 7 7
7 7 7 7 7
7 7 7 7 7
1 1 1 1 1
1 1 1 1 7
7 7 7 7 7
7 7 7 7 7
7 7 7 7 7
