6 6 6 6 6
6 6 6 6 5
5 5 5 5 5
5 5 5 5 5
5 5 5 5 5
6 6 6 6 6
6 6 6 4 5
5 5 5 5 5
5 5 5 5 5
5 5 5 5 5
6 6 6 6 6
6 6 6 4 5
5 5 5 5 5
5 5 5 5 5
5 5 5 5 5
6 6 6 6 6
6 6 6 4 5
5 5 5 5 5
5 5 5 5 5
5 5 5 5 5
6 6 6 6 6
6 6 6 4 4
5 5 5 5 5
5 5 5 5 5
5 5 5 5 5
6 6 6 6 6
6 6 4 4 4
0 0 0 0 0
0 0 0 0 0
0 0 0 2 2
6 6 6 6 6
6 6 4 4 0
0 0 0 0 0
0 0 0 0 0
0 0 2 2 2
6 6 6 6 6
6 6 4 4 0
0 0 0 0 0
0 0 0 0 0
2 2 2 2 2
6 6 6 6 6
6 6 4 4 0
0 0 0 0 0
0 0 0 2 2
2 2 2 2 2
6 6 6 6 6
6 4 4 4 0
0 0 0 0 0
0 0 2 2 2
2 2 2 2 2
6 6 6 6 6
6 4 4 4 0
0 0 0 0 0
2 2 2 2 2
2 2 2 2 2
6 6 6 6 6
6 4 4 4 0
0 0 0 1 2
2 2 2 2 2
2 2 2 2 2
6 6 6 6 6
6 4 4 1 1
1 1 1 1 2
2 2 2 2 2
2 2 2 2 2
6 6 6 6 6
4 1 1 1 1
1 1 1 1 2
2 2 2 2 2
2 2 2 2 2
6 6 6 6 1
1 1 1 1 1
1 1 1 1 1
2 2 2 2 2
2 2 2 2 2
9 9 9 9 1
1 1 1 1 1
1 1 1 1 1
2 2 2 2 2
2 2 2 2 2
9 9 9 9 1
1 1 1 1 1
1 1 1 1 1
2 2 2 2 2
2 2 2 2 2
9 9 9 9 9
1 1 1 1 1
1 1 1 1 1
1 2 2 2 2
2 2 2 2 2
9 9 9 9 9
9 1 1 1 1
1 1 1 1 1
1 2 2 2 2
2 2 2 2 2
9 9 9 9 9
9 9 1 1 1
1 1 1 1 1
1 2 2 2 2
2 2 2 2 2
9 9 9 9 9
9 9 9 1 1
1 1 1 1 1
1 1 2 2 2
2 2 2 2 2
9 9 9 9 9
9 9 9 9 1
1 1 1 1 1
1 1 2 2 2
2 2 2 2 2
9 9 9 9 9
9 9 9 9 4
4 4 4 4 1
1 1 2 2 2
2 7 7 7 7
9 9 9 9 9
9 9 9 9 4
4 4 4 4 4
4 4 7 7 7
7 7 7 7 7
9 9 9 9 9
9 9 9 3 4
4 4 4 4 4
4 7 7 7 7
7 7 7 7 7
9 9 9 9 9
9 9 9 3 4
4 4 4 4 4
4 7 7 7 7
7 7 7 7 7
9 9 9 9 9
9 9 3 3 3
4 4 4 4 4
4 7 7 7 7
7 7 7 7 7
9 9 9 9 9
9 9 3 3 3
4 4 4 4 4
7 7 7 7 7
7 7 7 7 7
9 9 9 9 9
9 3 3 3 3
3 4 4 4 4
7 7 7 7 7
7 7 7 7 4
9 9 9 9 9
3 3 3 3 3
3 4 4 4 4
7 7 7 7 7
7 7 7 4 4
9 9 9 9 9
3 3 3 3 3
3 3 4 4 7
7 7 7 7 7
7 7 4 4 4
9 9 9 9 3
3 3 3 3 3
3 3 4 4 7
7 7 7 7 7
7 4 4 4 4
9 9 9 3 3
3 3 3 3 3
3 3 3 4 7
7 7 7 7 7
7 4 4 4 4
9 9 9 3 3
3 3 3 3 3
3 3 3 3 3
7 7 7 7 7
4 4 4 4 4
9 9 3 3 3
3 3 3 3 3
3 3 3 3 3
3 7 7 7 4
4 4 4 4 4
9 3 3 3 3
3 3 3 3 3
3 3 3 3 3
3 3 7 7 7
7 7 4 4 4
3 3 3 3 3
3 3 3 3 3
3 3 3 3 3
3 3 3 7 7
7 7 7 7 7
3 3 3 3 3
3 3 3 3 3
3 3 3 3 3
3 9 9 7 7
7 7 7 7 7
3 3 3 3 3
3 3 3 3 3
3 3 3 3 9
9 9 9 7 7
7 7 7 7 7
3 3 3 3 3
3 3 3 3 3
3 3 9 9 9
9 9 9 7 7
7 7 7 7 7
3 3 3 3 3
3 3 3 3 3
9 9 9 9 9
9 9 9 9 7
7 7 7 7 7
3 3 3 3 3
3 3 3 9 9
9 9 9 9 9
9 9 9 9 7
7 7 7 7 7
3 3 3 3 3
3 3 9 9 9
9 9 9 9 9
9 9 9 9 7
7 7 7 7 7
3 3 3 3 3
9 9 9 9 9
9 9 9 9 9
9 9 9 9 5
5 5 5 5 5
3 3 3 9 9
9 9 9 9 9
9 9 9 9 9
9 9 9 5 5
5 5 5 5 5
3 9 9 9 9
9 9 9 9 9
9 9 9 9 9
9 9 5 5 5
5 5 5 5 5
9 9 9 9 9
9 9 9 9 9
9 9 9 9 9
9 9 5 5 5
5 5 5 5 5
9 9 9 9 9
9 9 9 9 9
9 9 9 9 9
9 5 5 5 5
5 5 5 5 5
9 9 9 9 9
9 9 9 9 9
9 9 9 9 9
9 5 5 5 5
5 5 5 5 5
9 9 9 9 9
9 9 9 9 9
9 9 9 9 9
5 5 5 5 5
5 5 5 5 5
