1 1 1 1 1
1 1 0 0 0
0 0 0 0 0
0 0 0 0 0
0 0 0 8 8
1 1 1 1 1
1 1 0 0 0
0 0 0 0 0
0 0 0 0 0
0 0 8 8 8
1 1 1 1 1
1 1 1 0 0
0 0 0 0 0
0 0 0 0 0
0 8 8 8 8
1 1 1 1 1
1 1 1 0 0
0 0 0 0 0
0 0 0 0 0
0 8 8 8 8
1 1 1 1 1
1 1 1 0 0
0 0 0 0 0
0 0 0 0 0
8 8 8 8 8
1 1 1 1 1
1 1 1 0 0
0 0 0 0 0
0 0 0 0 6
8 8 8 8 8
1 1 1 1 1
1 9 9 9 0
0 0 0 0 0
0 0 6 6 6
8 8 8 8 8
1 1 1 1 1
9 9 9 9 0
0 0 0 0 0
6 6 6 6 6
8 8 8 8 8
1 1 1 1 9
9 9 9 9 9
0 0 0 0 6
6 6 6 6 6
8 8 8 8 8
1 1 1 9 9
9 9 9 9 9
9 0 6 6 6
6 6 6 6 6
8 8 8 8 8
1 1 9 9 9
9 9 9 9 9
9 6 6 6 6
6 6 6 6 6
6 8 8 8 8
1 9 9 9 9
9 9 9 9 9
9 6 6 6 6
6 6 6 6 6
6 8 8 8 8
9 9 9 9 9
9 9 9 9 9
9 9 6 6 6
6 6 6 6 6
6 8 8 8 8
9 9 9 9 9
9 9 9 9 9
9 9 6 6 6
6 6 6 6 6
6 8 8 8 8
9 9 9 9 9
9 9 9 9 9
9 9 6 6 6
6 6 6 6 6
6 8 8 8 8
9 9 9 9 9
9 9 9 9 9
9 9 6 6 6
6 6 6 6 6
6 8 8 8 8
9 9 9 9 9
9 9 9 9 9
9 4 4 4 4
6 6 6 6 6
6 8 8 8 8
9 9 9 9 9
9 9 9 4 4
4 4 4 4 4
4 4 4 6 6
6 6 8 8 8
9 9 9 9 9
9 4 4 4 4
4 4 4 4 4
4 4 4 4 4
9 9 9 9 9
7 7 7 9 4
4 4 4 4 4
4 4 4 4 4
4 4 4 4 9
9 9 9 9 9
7 7 7 7 4
4 4 4 4 4
4 4 4 4 4
4 4 4 4 9
9 9 9 9 9
7 7 7 7 4
4 4 4 4 4
4 4 4 4 4
4 4 4 9 9
9 9 9 9 9
7 7 7 7 7
4 4 4 4 4
4 4 4 4 4
4 4 9 9 9
9 9 9 9 9
7 7 7 7 7
7 4 4 4 4
4 4 4 4 4
4 4 9 9 9
9 9 9 9 9
7 7 7 7 7
7 4 4 4 4
4 4 4 4 4
4 9 9 9 9
9 9 9 9 9
7 7 7 7 7
7 7 4 4 4
4 4 4 4 4
4 1 9 9 9
9 9 9 9 9
7 7 7 7 7
7 7 4 4 4
4 4 4 4 4
1 1 1 9 9
9 9 9 9 9
7 7 7 7 7
7 7 7 4 4
4 4 4 4 1
1 1 1 1 9
9 9 9 9 9
7 7 7 7 7
7 7 7 4 4
4 4 4 1 1
1 1 1 1 1
9 9 9 9 9
7 7 7 7 7
7 7 7 7 4
4 4 4 1 1
1 1 1 1 1
1 9 9 9 9
7 7 7 7 7
7 7 7 7 4
4 4 1 1 1
1 1 1 1 1
1 1 9 9 9
7 7 7 7 7
7 7 7 7 7
4 1 1 1 1
1 1 1 1 1
1 1 1 9 9
7 7 7 7 7
7 7 7 7 7
3 3 3 3 3
3 3 3 3 3
3 3 3 3 3
7 7 7 7 7
7 7 7 7 7
3 3 3 3 3
3 3 3 3 3
3 3 3 3 3
7 7 7 7 7
7 7 7 7 3
3 3 3 3 3
3 3 3 3 3
3 3 3 3 3
7 7 7 7 7
7 7 7 7 3
3 3 3 3 3
3 3 3 3 3
3 3 3 3 3
7 7 7 7 7
7 7 7 3 3
3 3 3 3 3
3 3 3 3 3
3 3 3 3 5
7 7 7 7 7
7 2 2 2 2
3 3 3 3 3
3 3 3 3 3
3 3 3 5 5
7 7 7 2 2
2 2 2 2 2
5 3 3 3 3
3 3 3 3 3
3 3 5 5 5
7 2 2 2 2
2 2 2 2 2
5 5 5 3 3
3 3 3 3 3
5 5 5 5 5
2 2 2 2 2
2 2 2 2 2
5 5 5 5 3
3 3 3 3 5
5 5 5 5 5
2 2 2 2 2
2 2 2 2 2
5 5 5 5 5
5 3 5 5 5
5 5 5 5 5
2 2 2 2 2
2 2 2 2 2
5 5 5 5 5
5 5 5 5 5
5 5 5 5 5
2 2 2 2 2
2 2 2 2 2
5 5 5 5 5
5 5 5 5 5
5 5 5 5 5
2 2 2 2 2
2 2 2 2 2
5 5 5 5 5
5 5 5 5 5
5 5 5 5 5
2 2 2 2 2
2 2 2 2 2
5 5 5 5 5
5 5 5 5 5
5 5 5 5 5
2 2 2 2 2
2 2 2 2 2
2 5 5 5 5
5 5 5 5 5
5 5 5 5 5
2 2 2 2 2
2 2 2 2 2
2 5 5 5 5
5 5 5 5 5
5 5 5 5 5
2 2 2 2 2
2 2 2 2 2
2 5 5 5 5
5 5 5 5 5
5 5 5 5 5
2 2 2 2 2
2 2 2 2 2
2 5 5 5 5
5 5 5 5 5
5 5 5 5 5
