3 3 3 3 3
3 3 3 3 3
3 3 3 0 0
0 0 0 0 0
0 0 0 0 0
3 3 3 3 3
3 3 3 3 3
3 3 3 0 0
0 0 0 0 0
0 0 0 0 0
3 3 3 3 3
3 3 3 3 3
3 3 3 0 0
0 0 0 0 0
0 0 0 0 0
3 3 3 3 3
3 3 3 3 3
3 3 3 0 0
0 0 0 0 0
0 0 0 0 0
3 3 3 3 3
3 3 3 3 3
3 3 7 5 0
0 0 0 0 0
0 0 0 0 0
3 3 3 3 3
3 3 3 3 3
3 7 7 5 5
5 5 5 0 0
0 0 0 0 0
3 3 3 3 3
3 3 3 3 3
7 7 7 7 5
5 5 5 5 5
5 0 0 0 0
3 3 3 3 3
3 3 3 3 7
7 7 7 7 7
5 5 5 5 5
5 5 5 5 5
3 3 3 3 3
3 3 3 3 7
7 7 7 7 7
5 5 5 5 5
5 5 5 5 5
3 3 3 3 3
3 3 3 7 7
7 7 7 7 7
7 5 5 5 5
5 5 5 5 5
3 3 3 3 3
3 3 7 7 7
7 7 7 7 7
7 5 5 5 5
5 5 5 5 5
3 3 3 3 3
3 7 7 7 7
7 7 7 7 7
7 7 5 5 5
5 5 5 5 5
3 3 3 3 3
7 7 7 7 7
7 7 7 7 7
7 5 5 5 5
5 0 0 0 0
3 3 3 3 7
7 7 7 7 7
7 7 7 7 7
7 5 5 5 5
0 0 0 0 0
3 3 3 7 7
7 7 7 7 7
7 7 7 7 7
5 5 5 5 5
0 0 0 0 0
3 3 7 7 7
7 7 7 7 7
7 7 7 7 7
5 5 5 5 5
0 0 0 0 0
7 7 7 7 7
7 7 7 7 7
7 7 7 7 7
5 5 5 5 5
0 0 0 0 0
7 7 7 7 7
7 7 7 7 7
7 7 7 7 7
5 5 5 5 5
0 0 0 0 0
2 2 7 7 7
7 7 7 7 7
7 7 7 7 7
5 5 5 5 5
0 0 0 0 0
2 2 2 2 2
7 7 7 7 7
7 7 7 7 7
5 5 5 5 5
0 0 0 0 0
2 2 2 2 2
2 2 7 7 7
7 7 7 7 7
5 5 5 5 5
0 0 0 0 0
2 2 2 2 2
2 2 2 2 7
7 7 7 7 7
5 5 5 5 6
6 6 6 6 6
2 2 2 2 2
2 2 2 2 2
2 7 7 7 7
5 5 5 6 6
6 6 6 6 6
2 2 2 2 2
2 2 2 2 2
2 2 2 7 7
5 5 6 6 6
6 6 6 6 6
2 2 2 2 2
2 2 2 2 2
2 2 2 2 2
6 6 6 6 6
6 6 6 6 6
2 2 2 2 2
2 2 2 2 2
2 2 2 2 2
6 6 6 6 6
6 6 6 6 6
2 2 2 2 2
2 2 2 2 2
2 2 2 2 2
6 6 6 6 6
6 6 6 6 6
2 2 2 2 2
2 2 2 2 2
2 2 2 2 2
2 6 6 6 6
6 6 6 6 6
2 2 2 2 2
2 2 2 2 2
2 2 2 2 2
2 6 6 6 6
6 6 6 6 6
2 2 2 2 2
2 2 2 2 2
2 2 2 2 2
2 6 6 6 6
6 6 6 6 6
2 2 2 2 2
2 2 2 2 2
2 2 2 2 2
2 6 6 6 6
6 6 6 6 6
2 2 2 2 2
2 2 2 2 2
2 2 2 2 4
4 4 6 6 6
6 6 6 6 6
2 2 2 2 2
2 2 2 2 2
2 2 4 4 4
4 4 9 9 9
9 9 6 6 6
2 2 2 2 2
2 2 2 2 4
4 4 4 4 4
4 4 9 9 9
9 9 4 4 4
2 2 2 2 2
2 4 4 4 4
4 4 4 4 4
4 4 9 9 9
9 9 4 4 4
2 2 2 2 4
4 4 4 4 4
4 4 4 4 4
4 4 9 9 9
9 9 4 4 4
2 4 4 4 4
4 4 4 4 4
4 4 4 4 4
4 4 9 9 9
9 9 4 4 4
4 4 4 4 4
4 4 4 4 4
4 4 4 4 4
4 4 9 9 9
9 9 4 4 4
8 4 4 4 4
4 4 4 4 4
4 4 4 4 4
4 9 9 9 9
9 9 4 4 4
8 8 8 4 4
4 4 4 4 4
4 4 4 4 4
4 9 9 9 9
9 9 4 4 4
8 8 8 8 8
4 4 4 4 4
4 4 4 4 4
4 9 9 9 9
9 9 4 4 4
8 8 8 8 8
8 8 4 4 9
9 9 9 9 9
9 9 9 9 9
9 9 4 4 4
8 8 8 8 8
8 8 8 9 9
9 9 9 9 9
9 9 9 9 9
9 9 4 4 4
8 8 8 8 8
8 8 8 8 9
9 9 9 9 9
9 9 9 9 9
9 9 4 4 4
8 8 8 8 8
8 8 8 8 8
9 9 9 9 9
9 9 9 9 9
9 9 4 4 4
8 8 8 8 8
8 8 8 8 8
8 9 9 9 9
9 9 9 9 9
9 9 4 4 4
8 8 8 8 8
8 8 8 8 8
8 8 9 9 9
9 9 9 9 9
9 9 4 4 4
8 8 8 8 8
8 8 8 8 8
8 8 9 9 9
9 9 9 9 9
9 9 4 4 4
8 8 8 8 8
8 8 8 8 8
8 8 8 9 9
9 9 9 9 9
9 9 4 4 4
8 8 8 8 8
8 8 8 8 8
8 8 8 8 9
9 9 9 9 9
9 9 4 4 4
