0 0 0 0 7
7 7 7 7 8
8 8 8 8 8
8 9 9 9 9
9 9 9 9 9
0 0 0 0 7
7 7 7 7 8
8 8 8 8 8
8 9 9 9 9
9 9 9 9 9
0 0 0 0 7
7 7 7 7 7
8 8 8 8 8
8 9 9 9 9
9 9 9 9 9
0 0 0 0 7
7 7 7 7 7
1 8 8 8 8
1 9 9 9 9
9 9 9 9 9
0 0 0 0 7
7 7 7 7 7
1 1 1 1 1
1 1 9 9 9
9 9 9 0 0
0 0 0 0 7
7 7 7 7 7
1 1 1 1 1
1 1 1 9 9
9 0 0 0 0
0 0 0 0 7
7 7 7 7 7
1 1 1 9 1
1 1 1 9 0
0 0 0 0 0
0 0 0 0 7
7 7 7 7 7
1 1 9 9 9
9 9 1 0 0
0 0 0 0 0
0 0 0 0 7
7 7 7 7 7
1 9 9 9 9
9 9 9 0 0
0 0 0 0 0
0 0 0 0 7
7 7 7 7 7
9 9 9 9 9
9 9 0 0 0
2 2 2 2 8
0 0 0 0 7
7 7 7 7 7
9 9 9 9 9
9 9 2 2 2
2 2 2 8 8
0 0 0 0 0
7 7 7 7 9
9 9 9 9 9
9 9 2 2 2
2 2 2 8 8
0 0 0 0 0
7 7 7 7 9
9 9 9 9 9
9 2 2 2 2
2 2 8 8 8
0 0 0 0 0
7 7 7 9 9
9 9 9 9 9
9 2 2 2 2
2 8 8 8 8
0 0 0 0 0
7 7 7 9 9
9 9 9 9 9
9 2 2 2 2
8 8 8 8 8
0 0 0 0 0
7 7 7 9 9
9 9 9 9 9
2 2 2 2 8
8 8 8 8 8
0 0 0 0 0
7 7 9 9 9
9 9 9 9 9
2 2 2 8 8
8 8 8 8 8
0 0 0 0 0
7 7 9 9 9
9 9 9 9 9
2 2 2 8 8
8 8 8 8 8
0 0 0 0 0
7 9 9 9 9
9 9 9 2 2
2 2 2 2 2
8 8 8 8 8
0 0 0 0 8
8 8 8 8 8
8 8 2 2 2
2 2 2 2 2
2 2 2 2 2
0 3 3 8 8
8 8 8 8 8
8 8 8 2 2
2 2 2 2 2
2 2 2 2 2
3 3 3 8 8
8 8 8 8 8
8 8 8 2 2
2 2 2 2 2
2 2 2 2 2
3 3 3 3 8
8 8 8 8 8
8 8 8 8 2
2 2 2 2 2
2 2 2 2 2
3 3 3 3 3
8 8 8 8 8
8 8 8 8 8
2 2 2 2 2
2 2 2 2 2
3 3 3 3 3
3 8 8 8 8
8 8 8 8 8
2 2 2 2 2
2 2 2 2 2
3 3 3 3 3
3 3 8 8 8
8 8 8 8 8
8 2 2 2 2
2 2 2 2 2
3 3 3 3 3
3 3 8 8 8
8 8 8 8 8
8 8 2 2 2
2 2 2 2 2
3 3 3 3 3
3 3 3 8 8
8 8 8 8 8
8 8 2 2 2
2 2 2 2 2
3 3 3 3 3
3 3 3 3 8
8 8 8 8 8
8 8 8 2 2
2 2 2 2 2
3 3 3 3 3
3 3 3 3 3
8 8 8 8 8
8 8 8 2 2
2 2 2 2 2
3 3 3 3 3
3 3 3 3 3
8 8 8 8 8
8 8 8 8 2
2 2 2 2 2
3 3 3 3 3
3 3 3 3 3
3 8 8 8 8
8 8 8 8 8
2 2 2 2 2
3 3 3 3 3
3 3 3 3 3
3 3 8 8 8
8 8 8 8 8
2 2 2 2 2
3 3 3 3 3
3 3 3 3 3
3 3 3 8 8
8 8 8 8 8
8 2 2 2 2
3 3 3 3 3
3 3 3 3 3
3 3 3 8 8
8 8 8 8 8
8 2 2 2 2
4 4 3 3 3
6 6 6 6 6
6 6 6 6 6
8 8 8 8 8
8 8 2 2 2
4 4 4 6 6
6 6 6 6 6
6 6 6 6 6
6 6 8 8 8
8 8 8 2 2
4 4 4 4 4
6 6 6 6 6
6 6 6 6 6
6 6 6 6 6
8 8 8 2 2
4 4 4 4 4
4 6 6 6 6
6 6 6 6 6
6 6 6 6 6
6 6 8 8 2
4 4 4 4 4
4 4 6 6 6
6 6 6 6 6
6 6 6 6 6
6 6 6 6 2
4 4 4 4 4
4 4 4 6 6
6 6 6 6 6
6 6 6 6 6
6 6 6 6 6
4 4 4 4 4
4 4 4 4 4
6 6 6 6 6
6 6 6 6 6
6 6 6 6 6
4 4 4 4 4
4 4 4 4 4
4 6 6 6 6
6 6 6 6 6
6 6 6 6 6
4 4 4 4 4
4 4 4 4 4
4 4 6 6 6
6 6 6 6 6
6 6 6 6 6
4 4 4 4 4
4 4 4 4 4
4 4 4 6 6
6 6 6 6 6
6 6 6 6 6
4 4 4 4 4
4 4 4 4 4
4 4 4 4 4
6 6 6 6 6
6 6 6 6 6
4 4 4 4 4
4 4 4 4 4
4 4 4 4 4
4 6 6 6 6
6 6 6 6 6
4 4 4 4 4
4 4 4 4 4
4 4 4 4 4
4 4 6 6 6
6 6 6 6 6
4 4 4 4 4
4 4 4 4 4
4 4 4 4 4
4 4 4 6 6
6 6 6 6 6
4 4 4 4 4
4 4 4 4 4
4 4 4 4 4
4 4 4 4 4
6 6 6 6 6
