1 1 1 1 1
3 3 3 3 3
3 3 3 3 3
3 3 3 3 3
3 3 8 8 8
1 1 1 1 1
1 1 3 3 3
3 3 3 3 3
3 3 3 3 3
3 8 8 8 8
1 1 1 1 1
1 1 1 1 3
3 3 3 3 3
3 3 3 3 3
3 8 8 8 8
1 1 1 1 1
1 1 1 1 1
3 3 3 3 3
3 3 3 3 3
3 8 8 8 8
1 1 1 1 1
1 1 1 1 1
1 1 3 3 3
3 3 3 3 3
8 8 8 8 8
1 1 1 1 1
1 1 1 1 1
1 1 1 1 3
3 3 3 3 3
8 8 8 8 8
1 1 1 1 1
1 1 1 1 1
1 1 1 1 1
3 3 3 3 3
8 8 8 8 8
1 1 1 1 1
1 1 1 1 1
1 1 1 1 1
1 1 3 3 8
8 8 8 8 8
9 1 1 1 1
1 1 1 1 1
1 1 1 1 1
1 1 4 4 4
4 8 8 8 8
9 9 9 9 1
1 1 1 1 1
1 1 1 1 1
1 4 4 4 4
4 4 4 8 8
9 9 9 9 9
9 1 1 1 1
1 1 1 1 1
1 4 4 4 4
4 4 4 4 8
9 9 9 9 9
9 9 9 1 1
1 1 1 1 1
4 4 4 4 4
4 4 4 4 4
9 9 9 9 9
9 9 9 9 9
9 1 1 1 1
4 4 4 4 4
4 4 4 4 4
9 9 9 9 9
9 9 9 9 9
9 9 9 1 4
4 4 4 4 4
4 4 4 4 4
9 9 9 9 9
9 9 9 9 9
9 9 9 9 4
4 4 4 4 4
4 4 4 4 4
9 9 9 9 9
9 9 9 9 9
9 9 9 9 9
4 4 4 4 4
4 4 4 4 4
9 9 9 9 9
9 9 9 9 9
9 9 9 9 9
9 4 4 4 4
4 4 4 4 4
9 9 9 9 9
9 9 9 9 9
9 9 9 9 9
5 5 4 4 4
4 4 4 4 4
9 9 9 9 9
9 9 9 9 9
9 9 9 5 5
5 5 5 5 4
4 4 4 4 4
3 9 9 9 9
9 9 9 9 9
9 5 5 5 5
5 5 5 5 2
2 2 2 2 2
3 3 3 3 9
9 9 9 9 5
5 5 5 5 5
5 5 5 5 2
2 2 2 2 2
3 3 3 3 3
3 3 5 5 5
5 5 5 5 5
5 5 5 2 2
2 2 2 2 2
3 3 3 3 3
3 3 3 5 5
5 5 5 5 5
5 5 2 2 2
2 2 2 2 2
3 3 3 3 3
3 3 3 6 6
6 6 5 5 5
5 2 2 2 2
2 2 2 2 2
3 3 3 3 3
3 3 3 6 6
6 6 6 6 6
6 2 2 2 2
2 2 2 2 2
3 3 3 3 3
3 3 3 3 6
6 6 6 6 6
2 2 2 2 2
2 2 2 2 2
3 3 3 3 3
3 3 3 3 6
6 6 6 6 6
2 2 2 2 2
2 2 2 2 2
3 3 3 3 3
3 3 3 3 6
6 6 6 6 6
2 2 2 2 2
2 2 2 2 2
3 3 3 3 3
3 3 3 3 3
6 6 6 6 6
2 2 2 2 2
2 2 2 2 2
0 0 0 0 3
3 3 3 3 3
6 6 6 6 2
2 2 2 2 2
2 2 2 2 2
0 0 0 0 0
0 0 0 0 0
0 6 6 6 2
2 2 2 2 2
2 2 2 2 2
0 0 0 0 0
0 0 0 0 0
0 0 6 6 2
2 2 2 2 2
2 2 2 2 2
0 0 0 0 0
0 0 0 0 0
0 0 0 0 2
2 2 2 2 2
2 2 2 2 2
5 5 5 5 5
5 5 5 5 5
5 5 5 5 2
2 2 2 2 2
2 2 2 2 2
5 5 5 5 5
5 5 5 5 5
5 5 5 5 5
2 2 2 2 2
2 2 2 2 2
5 5 5 5 5
5 5 5 5 5
5 5 5 5 5
2 2 2 2 2
2 2 2 2 2
5 5 5 5 5
5 5 5 5 5
5 5 5 5 5
7 7 7 7 7
7 6 6 6 6
5 5 5 5 5
5 5 5 5 5
5 5 5 5 7
7 7 7 7 7
7 6 6 6 6
5 5 5 5 5
5 5 5 5 5
5 5 5 7 7
7 7 7 7 7
7 6 6 6 6
9 9 5 5 5
5 5 5 5 5
5 5 7 7 7
7 7 7 7 7
6 6 6 6 6
9 9 9 9 5
5 5 5 5 5
5 7 7 7 7
7 7 7 7 7
6 6 6 6 6
9 9 9 9 9
9 9 5 5 5
7 7 7 7 7
7 7 7 7 7
6 6 6 6 6
9 9 9 9 9
9 9 9 9 7
7 7 7 7 7
7 7 7 7 7
6 6 6 6 6
9 9 9 9 9
9 9 9 9 7
7 7 7 7 7
7 7 7 7 7
6 6 6 6 6
9 9 9 9 9
9 9 9 9 7
7 7 7 7 7
7 7 7 7 7
6 6 6 6 6
9 9 9 9 9
9 9 9 9 7
7 7 7 7 7
7 7 7 7 7
6 6 6 6 6
9 9 9 9 9
9 9 9 9 9
7 7 7 7 7
7 7 7 7 6
6 6 6 6 6
9 9 9 9 9
9 9 9 9 9
7 7 7 7 7
7 7 7 7 6
6 6 6 6 6
9 9 9 9 9
9 9 9 9 9
7 7 7 7 7
7 7 7 7 6
6 6 6 6 6
9 9 9 9 9
9 9 9 9 9
7 7 7 7 7
7 7 7 7 6
6 6 6 6 6
