9 9 9 1 1
1 1 1 1 1
1 1 1 1 1
1 1 1 1 2
2 2 2 2 2
9 9 9 9 1
1 1 1 1 1
1 1 1 1 1
1 1 1 6 2
2 2 2 2 2
9 9 9 9 1
1 1 1 1 1
1 1 1 1 1
1 1 1 6 6
2 2 2 2 2
9 9 9 9 1
1 1 1 1 1
1 1 1 1 1
1 1 1 6 6
2 2 2 2 2
9 9 9 9 9
1 1 1 1 1
1 1 1 1 1
1 1 6 6 6
2 2 2 2 2
9 9 9 9 9
1 1 1 1 1
1 1 1 1 1
1 1 6 6 6
6 2 2 2 2
9 9 9 9 9
9 1 1 1 1
1 1 1 1 1
1 1 6 6 6
6 2 2 2 2
9 9 9 9 9
9 1 1 1 1
1 1 1 1 1
1 6 6 6 6
6 6 2 2 2
9 9 9 9 9
9 9 1 1 1
1 1 1 1 1
1 6 6 6 6
6 6 2 2 2
9 9 9 9 9
9 9 1 1 1
1 1 1 1 1
6 6 6 6 6
6 6 2 2 2
9 9 9 9 9
9 9 4 4 4
1 1 1 1 1
6 6 6 6 6
6 6 6 2 2
9 9 9 9 9
9 9 4 4 4
4 4 4 4 1
6 6 6 6 6
6 6 6 2 2
9 9 9 9 9
9 4 4 4 4
4 4 4 4 4
6 6 6 6 6
6 6 6 2 2
9 9 9 9 9
9 4 4 4 4
4 4 4 4 4
4 6 6 6 6
6 6 6 6 2
9 9 9 9 9
9 4 4 4 4
4 4 4 4 4
4 6 6 6 6
6 6 6 6 2
9 9 9 9 9
4 4 4 4 4
4 4 4 4 4
4 4 6 6 6
6 6 6 6 6
9 9 9 9 9
4 4 4 4 4
4 4 4 4 4
4 4 4 6 6
6 6 6 6 6
9 9 4 4 4
4 4 4 4 4
4 4 4 4 4
4 4 4 6 6
6 7 7 7 7
4 4 4 4 4
4 4 4 4 4
4 4 4 4 4
4 4 5 5 5
5 7 7 7 7
4 4 4 4 4
4 4 4 4 4
4 4 4 4 4
4 5 5 5 5
7 7 7 7 7
4 4 4 4 4
4 4 4 4 4
4 4 4 4 5
5 5 5 5 5
7 7 7 7 7
4 4 4 4 4
4 4 4 4 4
4 4 4 5 5
5 5 5 5 5
7 7 7 7 7
4 4 4 4 4
4 4 4 4 4
5 9 9 5 5
5 5 5 5 5
7 7 7 7 7
4 4 4 4 4
4 4 5 5 5
5 9 9 9 5
5 5 5 5 5
7 7 7 7 7
4 4 4 4 4
5 5 5 5 5
9 9 9 9 5
5 5 5 5 5
7 7 7 7 7
4 4 4 5 5
5 5 5 5 5
9 9 9 9 5
5 5 5 5 5
7 7 7 7 7
5 5 5 5 5
5 5 5 5 9
9 9 9 9 5
5 5 5 5 5
7 7 7 7 7
5 5 5 5 5
5 5 5 9 9
9 9 9 9 9
5 5 5 5 5
7 7 7 7 7
5 5 5 5 5
5 5 5 9 9
9 9 9 9 9
5 5 5 5 5
7 7 7 7 7
5 5 5 5 5
5 5 9 9 9
9 9 9 9 9
5 5 5 5 5
7 7 7 7 7
7 7 7 5 5
5 5 9 9 9
9 9 9 9 9
9 5 5 5 5
7 7 3 3 3
7 7 7 7 7
7 9 9 9 9
9 9 9 9 9
9 5 5 5 3
3 3 3 3 3
7 7 7 7 7
7 7 1 9 9
9 9 9 9 9
9 5 3 3 3
3 3 3 3 3
7 7 7 7 7
7 7 1 1 1
1 9 9 9 9
9 3 3 3 3
3 3 3 3 3
7 7 7 7 7
7 7 1 1 1
1 1 1 1 9
9 3 3 3 3
3 3 3 3 3
7 7 7 7 7
7 1 1 1 1
1 1 1 1 1
3 3 3 3 3
3 3 3 3 3
7 7 7 7 7
7 1 1 1 1
1 1 1 1 1
1 3 3 3 3
3 3 3 3 3
7 7 7 7 7
1 1 1 1 1
1 1 1 1 1
1 3 3 3 3
3 3 3 3 3
7 7 7 7 7
1 1 1 1 1
1 1 1 1 1
1 3 3 3 3
3 3 3 3 3
7 7 7 7 7
1 1 1 1 1
1 1 1 1 1
1 3 3 3 3
3 3 3 3 3
8 8 8 8 8
8 1 1 1 1
1 1 1 1 1
1 3 3 3 3
3 3 3 3 3
8 8 8 8 8
8 8 8 1 1
1 1 1 1 1
1 3 3 3 3
3 3 3 3 3
8 8 8 8 8
8 8 8 8 1
1 1 1 1 1
1 1 3 3 3
3 3 3 3 3
8 8 8 8 8
8 8 8 8 8
8 1 1 1 1
1 1 3 3 3
3 3 3 3 3
8 8 8 8 8
8 8 8 8 8
8 8 8 1 1
1 1 3 3 3
3 3 3 3 3
8 8 8 8 8
8 8 8 8 8
8 8 8 8 8
1 1 3 3 3
3 3 3 3 3
8 8 8 8 8
8 8 8 8 8
8 8 8 8 8
8 1 3 3 3
3 3 3 3 3
8 8 8 8 8
8 8 8 8 8
8 8 8 8 8
8 8 8 3 3
3 3 3 3 3
8 8 8 8 8
8 8 8 8 8
8 8 8 8 8
8 8 8 3 3
3 3 3 3 3
8 8 8 8 8
8 8 8 8 8
8 8 8 8 8
8 8 8 3 3
3 3 3 3 3
