4 4 4 4 4
4 4 4 4 4
4 9 9 9 9
9 9 9 9 9
8 8 8 8 8
4 4 4 4 4
4 4 4 4 4
4 9 9 9 9
9 9 9 9 9
9 8 8 8 8
4 4 4 4 4
4 4 4 4 4
4 4 9 9 9
9 9 9 9 9
9 8 8 8 8
4 4 4 4 4
4 4 4 4 4
4 4 9 9 9
9 9 9 9 9
9 8 8 8 8
4 4 4 4 4
4 4 4 4 4
4 4 4 9 9
9 9 9 9 9
9 8 8 8 8
4 4 4 4 4
4 4 4 4 4
4 4 8 8 8
8 9 9 9 9
9 8 8 8 8
4 4 4 4 4
4 4 4 4 4
4 4 8 8 8
8 8 8 8 8
9 8 8 8 8
4 4 4 4 4
4 4 4 4 4
4 8 8 8 8
8 8 8 8 8
8 8 8 8 8
4 4 4 4 4
4 4 4 4 4
8 8 8 8 8
8 8 8 8 8
8 8 8 8 8
4 4 4 4 4
4 4 4 4 4
8 8 8 8 8
8 8 8 8 8
8 8 8 8 8
5 5 5 5 5
5 5 5 5 5
8 8 8 8 8
8 8 8 8 8
8 8 8 8 8
5 5 5 5 5
5 5 5 5 5
5 8 8 8 8
8 8 8 8 8
8 8 8 8 8
5 5 5 5 5
5 5 5 5 5
5 5 8 8 8
8 8 8 8 8
8 8 8 8 8
5 5 5 5 5
5 5 5 5 5
5 5 5 8 8
8 8 8 8 6
6 6 6 6 6
5 5 5 5 5
5 5 5 5 5
5 5 5 5 6
6 6 6 6 6
6 6 6 6 6
5 5 5 5 5
5 5 5 5 5
5 5 5 6 6
6 6 6 6 6
6 6 6 6 6
5 5 5 5 5
5 5 5 5 5
5 5 6 6 6
6 6 6 6 6
6 6 6 6 6
5 5 5 5 5
5 5 5 5 5
5 5 6 6 6
6 6 6 6 6
6 6 6 6 6
5 5 5 5 5
5 5 5 5 5
5 6 6 6 6
6 6 6 6 6
6 6 6 6 6
5 5 5 5 5
5 5 5 5 5
6 6 6 6 6
6 6 6 6 6
6 6 6 6 6
5 5 5 5 5
5 5 5 5 6
6 6 6 6 6
6 6 6 6 6
6 6 6 6 6
5 5 5 5 5
5 5 5 6 6
6 6 6 6 6
6 6 6 6 6
6 6 6 3 3
9 9 9 5 5
5 5 5 6 6
6 6 6 6 6
6 6 6 6 6
2 2 3 3 3
9 9 9 9 9
9 9 2 2 2
2 2 2 2 2
2 2 2 2 2
2 3 3 3 3
9 9 9 9 9
9 9 2 2 2
2 2 2 2 2
2 2 2 2 2
2 3 3 3 3
9 9 9 9 9
9 9 9 2 2
2 2 2 2 2
2 2 2 2 2
3 3 3 3 3
9 9 9 9 9
9 9 9 2 2
2 2 2 2 2
2 2 2 2 2
3 3 3 3 3
9 9 9 9 9
9 9 9 9 2
2 2 2 2 2
2 2 2 2 3
3 3 3 3 3
9 9 9 9 9
9 9 9 9 2
2 2 2 2 2
2 2 2 1 3
3 3 3 3 3
9 9 9 9 9
9 9 9 9 9
2 2 2 2 2
2 2 1 1 1
3 3 3 3 3
9 9 9 9 9
9 9 9 9 9
2 2 2 2 2
1 1 1 1 1
1 3 3 3 3
9 9 9 9 9
9 9 9 9 9
7 7 7 2 1
1 1 1 1 1
1 1 3 3 3
9 9 9 9 9
9 9 9 9 9
7 7 7 7 1
1 1 1 1 1
1 1 1 3 3
9 9 9 9 9
9 9 9 9 7
7 7 7 7 7
1 1 1 1 1
1 1 1 1 3
2 9 9 9 9
9 9 9 9 7
7 7 7 7 7
7 1 1 1 1
1 1 1 1 1
2 2 2 9 9
9 9 9 7 7
7 7 7 7 7
7 7 1 1 1
1 1 1 1 1
2 2 2 2 9
9 9 9 7 7
7 7 7 7 7
7 7 7 1 1
1 1 1 1 1
2 2 2 2 4
4 9 7 7 7
7 7 7 7 7
7 7 7 7 1
1 1 1 1 1
2 4 4 4 4
4 4 7 7 7
7 7 7 7 7
7 7 7 7 7
1 1 1 1 1
4 4 4 4 4
4 4 7 7 7
7 7 7 7 7
7 7 7 7 7
7 1 1 1 1
4 4 4 4 4
4 4 7 7 7
7 7 7 7 7
7 7 7 7 7
7 7 1 1 1
4 4 4 4 4
4 4 0 7 7
7 7 7 7 7
7 7 7 7 7
7 1 1 1 1
4 4 4 4 4
4 0 0 0 0
0 7 7 7 7
7 7 7 7 1
1 1 1 1 1
4 4 4 4 4
4 0 0 0 0
0 0 0 0 7
7 7 7 1 1
1 1 1 1 1
4 4 4 4 4
0 0 0 0 0
0 0 0 0 0
0 0 1 1 1
1 1 1 1 1
4 4 4 4 0
0 0 0 0 0
0 0 0 0 0
0 1 1 1 1
1 1 1 1 1
4 4 4 0 0
0 0 0 0 0
0 0 0 0 0
0 1 1 1 1
1 1 1 1 1
4 4 0 0 0
0 0 0 0 0
0 0 0 0 0
0 1 1 1 1
1 1 1 1 1
4 0 0 0 0
0 0 0 0 0
0 0 0 0 0
0 1 1 1 1
1 1 1 1 1
0 0 0 0 0
0 0 0 0 0
0 0 0 0 0
0 1 1 1 1
1 1 1 1 1
