8 8 8 8 8
8 8 8 8 8
8 6 6 6 6
6 6 6 6 6
6 6 6 6 6
8 8 8 8 8
8 8 8 8 8
6 6 6 6 6
6 6 6 6 6
6 6 6 6 6
8 8 8 8 8
8 8 8 8 6
6 6 6 6 6
6 6 6 6 6
6 6 6 6 6
8 8 8 8 8
8 8 8 6 6
6 6 6 6 6
6 6 6 6 6
6 6 6 6 6
8 8 8 8 8
8 8 8 6 6
6 6 6 6 6
6 6 6 6 6
6 6 6 6 6
8 8 8 8 8
8 8 6 6 6
6 6 6 6 6
6 6 6 6 6
6 6 6 6 6
8 8 8 8 8
8 6 6 6 6
6 6 6 6 6
6 6 6 6 6
6 6 6 6 6
8 8 8 8 8
6 6 6 6 6
6 6 6 6 6
6 6 6 6 6
6 6 6 6 6
8 8 8 8 6
6 6 6 6 6
6 6 6 6 6
6 6 6 6 6
6 6 6 6 6
8 8 8 8 6
6 6 6 6 6
6 6 1 1 1
1 1 6 6 6
6 6 6 6 6
8 8 8 8 8
6 6 6 6 6
1 1 1 1 1
1 1 1 1 1
6 6 6 6 6
8 8 8 8 8
8 6 6 1 1
1 1 1 1 1
1 1 1 1 1
1 1 1 1 6
8 8 8 8 8
8 8 8 1 1
1 1 1 1 1
1 1 1 1 1
1 1 1 1 1
8 8 8 8 8
8 8 8 1 1
1 1 1 1 1
1 1 1 1 1
1 1 1 1 1
8 8 8 8 8
8 8 8 0 0
0 1 1 1 1
1 1 1 1 1
1 1 1 1 9
8 8 8 8 8
8 8 8 8 0
0 0 0 0 0
0 1 1 1 1
1 1 9 9 9
8 8 8 8 8
8 8 8 8 0
0 0 0 0 0
0 0 0 0 0
0 9 9 9 9
8 8 8 8 8
8 8 8 8 0
0 0 0 0 0
0 0 0 0 0
0 9 9 9 9
8 8 8 8 8
8 8 8 8 0
0 0 0 0 0
0 0 0 0 0
9 9 9 9 9
8 8 8 8 8
8 8 8 8 0
0 0 0 0 0
0 0 0 0 0
9 9 9 9 9
8 8 8 8 8
8 8 8 8 0
0 0 0 0 0
0 0 0 0 0
9 9 9 9 9
8 8 8 8 8
8 8 8 8 0
0 0 0 0 0
0 0 0 0 9
9 9 9 9 9
8 8 8 8 8
8 8 8 8 5
5 0 0 0 0
0 0 0 0 9
9 9 9 9 9
8 8 8 8 8
8 8 8 5 5
5 5 5 5 0
0 0 0 9 9
9 9 9 9 9
2 2 2 2 2
2 2 5 5 5
5 5 5 5 5
5 5 9 9 9
9 9 9 9 9
2 2 2 2 2
2 2 5 5 5
5 5 5 5 5
5 5 9 9 9
9 9 9 9 9
2 2 2 2 2
2 2 5 5 5
5 5 5 5 5
5 5 9 9 9
9 9 9 9 9
2 2 2 2 2
2 2 5 5 5
5 5 5 5 5
5 5 9 9 9
9 9 9 9 9
2 2 2 2 2
2 2 5 5 5
5 5 5 5 5
5 5 9 9 9
9 9 9 9 9
2 2 2 2 2
2 2 5 5 5
5 5 5 5 5
5 5 5 9 9
9 9 9 9 9
2 2 2 2 2
3 3 3 5 5
5 5 5 5 5
5 5 5 9 9
9 9 9 9 9
2 2 2 3 3
3 3 3 3 5
5 5 5 5 5
5 5 5 9 9
9 9 9 9 9
3 3 3 3 3
3 3 3 3 5
5 5 5 5 5
5 5 5 9 9
9 9 9 9 9
3 3 3 3 3
3 3 3 3 3
5 5 5 5 5
5 5 5 9 9
9 9 9 9 9
3 3 3 3 3
3 3 3 3 3
3 5 5 5 5
5 5 5 3 9
9 9 9 9 9
3 3 3 3 3
3 3 3 4 4
4 4 4 5 5
5 3 3 3 3
3 3 3 9 9
3 3 3 3 3
3 4 4 4 4
4 4 4 4 3
3 3 3 3 3
3 3 3 3 3
3 3 3 4 4
4 4 4 4 4
4 4 4 4 3
3 3 3 3 3
3 3 3 3 3
3 4 4 4 4
4 4 4 4 4
4 4 4 3 3
3 3 3 3 3
3 3 3 3 3
7 4 4 4 4
4 4 4 4 4
4 4 4 1 3
3 3 3 3 3
3 3 3 3 3
7 7 7 4 4
4 4 4 4 4
4 4 1 1 3
3 3 3 3 3
3 3 3 3 3
7 7 7 7 7
4 4 4 4 4
4 1 1 1 1
3 3 3 3 3
3 3 3 3 3
7 7 7 7 7
7 7 4 4 4
1 1 1 1 1
3 3 3 3 3
3 3 3 3 3
7 7 7 7 7
7 7 7 7 1
1 1 1 1 1
1 3 3 3 3
3 3 3 3 3
7 7 7 7 7
7 7 7 7 1
1 1 1 1 1
1 3 3 3 3
3 3 3 3 3
7 7 7 7 7
7 7 7 7 1
1 1 1 1 1
1 1 3 3 3
3 3 3 3 3
7 7 7 7 7
7 7 7 7 1
1 1 1 1 1
1 1 3 3 3
3 3 3 3 3
7 7 7 7 7
7 7 7 1 1
1 1 1 1 1
1 1 1 3 3
3 3 3 3 3
7 7 7 7 7
7 7 7 1 1
1 1 1 1 1
1 1 1 3 3
3 3 3 3 3
7 7 7 7 7
7 7 7 1 1
1 1 1 1 1
1 1 1 1 3
3 3 3 3 3
