1 1 1 1 1
1 1 1 1 1
0 0 0 0 0
0 0 0 0 0
0 0 0 0 0
1 1 1 1 1
1 1 1 1 1
0 0 0 0 0
0 0 0 0 0
0 0 0 0 0
1 1 1 1 1
1 1 1 1 1
0 0 0 0 0
0 0 0 0 0
0 0 0 0 0
1 1 1 1 1
1 1 8 8 8
8 0 0 0 0
0 0 0 0 0
0 0 0 0 0
1 1 1 1 8
8 8 8 8 8
8 0 0 0 0
0 0 0 0 0
0 0 0 0 0
1 1 1 1 8
8 8 8 8 8
8 8 0 0 0
0 0 0 0 0
0 0 0 7 7
1 1 1 8 8
8 8 8 8 8
8 8 0 0 0
0 0 0 0 0
7 7 7 7 7
1 1 1 8 8
8 8 8 8 8
8 8 8 0 0
0 0 0 7 7
7 7 7 7 7
1 1 1 8 8
8 8 8 8 8
8 8 8 0 0
0 7 7 7 7
7 7 7 7 7
1 1 1 1 8
8 8 8 8 8
8 8 8 8 7
7 7 7 7 7
7 7 7 7 7
1 1 1 1 8
8 8 8 8 8
8 8 8 8 7
7 7 7 7 7
7 7 7 7 7
1 1 1 1 8
8 8 8 8 8
8 8 8 7 7
7 7 7 7 7
7 7 7 7 7
1 1 1 1 1
3 3 3 3 3
3 3 3 3 7
7 7 7 7 7
7 7 7 7 7
1 1 1 3 3
3 3 3 3 3
3 3 3 3 7
7 7 7 7 7
7 7 7 7 7
1 3 3 3 3
3 3 3 3 3
3 3 3 3 7
7 7 7 7 7
7 7 7 7 7
3 3 3 3 3
3 3 3 3 3
3 3 3 3 7
7 7 7 7 7
7 7 7 7 7
3 3 3 3 3
3 3 3 3 3
3 3 3 3 3
7 7 7 7 7
7 7 7 7 7
3 3 3 3 3
3 3 3 3 3
3 3 3 3 3
7 7 7 7 7
7 7 7 7 7
3 3 3 3 3
3 3 3 3 3
3 3 3 3 5
5 7 7 7 7
7 7 7 7 7
9 9 9 9 9
9 3 3 3 3
3 3 3 5 5
5 5 5 7 7
7 7 7 7 7
9 9 9 9 9
9 9 9 9 9
9 9 5 5 5
5 5 5 5 7
7 7 7 7 7
9 9 9 9 9
9 9 9 9 9
9 5 5 5 5
5 5 5 5 5
5 7 7 7 7
9 9 9 9 9
9 9 9 9 9
5 5 5 5 5
5 5 5 5 5
5 5 7 7 7
9 9 9 9 9
9 9 9 9 9
5 5 5 5 5
5 5 5 5 5
5 5 5 2 2
9 9 9 9 9
9 9 9 9 5
5 5 5 5 5
5 5 5 5 5
5 5 2 2 2
9 9 9 9 9
9 9 9 5 5
5 5 5 5 5
5 5 5 5 5
5 2 2 2 2
9 9 9 9 9
9 9 9 5 5
5 5 5 5 5
5 5 5 5 5
5 2 2 2 2
9 9 9 9 9
9 9 5 5 5
5 5 5 5 5
5 5 5 5 5
2 2 2 2 2
9 9 9 9 9
9 5 5 5 5
5 5 5 5 5
5 5 5 5 5
2 2 2 2 2
9 9 9 9 9
5 5 5 5 5
5 5 5 5 5
5 5 5 3 3
2 2 2 2 2
9 9 9 9 9
5 5 5 5 5
5 5 5 5 5
5 3 3 3 3
2 2 2 2 2
9 9 9 9 5
5 5 5 5 5
5 5 5 5 3
3 3 3 3 3
2 2 2 2 2
9 9 9 5 5
5 5 5 5 5
5 5 5 3 3
3 3 3 3 3
3 2 2 2 2
5 5 5 5 5
5 5 5 5 5
5 3 3 3 3
3 3 3 3 3
3 2 2 2 2
5 5 5 5 5
5 5 5 8 8
3 3 3 3 3
3 3 3 3 3
3 9 2 2 2
5 5 5 5 5
8 8 8 8 8
8 8 3 3 3
3 3 3 3 3
3 9 9 9 9
5 5 5 5 5
5 8 8 8 8
8 8 8 8 3
3 3 3 3 3
3 9 9 9 9
5 5 5 5 5
5 8 8 8 8
8 8 8 8 8
8 3 3 3 3
9 9 9 9 9
5 5 5 5 5
5 8 8 8 8
8 8 8 8 8
8 8 3 3 3
9 9 9 9 9
5 5 5 5 5
5 5 8 8 8
8 8 8 8 8
8 8 8 8 3
9 9 9 9 9
5 5 5 5 5
5 5 8 8 8
8 8 8 8 8
8 8 8 8 8
9 9 9 9 9
5 5 5 5 5
5 5 8 8 8
8 8 8 8 8
8 8 8 8 8
9 9 9 9 9
5 5 5 5 5
5 5 5 8 8
8 8 8 8 8
8 8 8 8 8
8 9 9 9 9
5 5 5 5 5
5 5 5 8 8
8 8 8 8 8
8 8 8 8 8
8 9 9 9 9
5 5 5 5 5
5 5 5 2 2
2 8 8 8 8
8 8 8 8 8
8 8 9 9 9
5 5 5 5 5
5 5 5 2 2
2 2 2 2 2
2 2 8 8 8
8 8 9 9 9
5 5 5 5 5
5 5 2 2 2
2 2 2 2 2
2 2 2 2 2
2 2 9 9 9
5 5 5 5 5
5 5 2 2 2
2 2 2 2 2
2 2 2 2 2
2 2 2 2 9
5 5 5 5 5
5 5 2 2 2
2 2 2 2 2
2 2 2 2 2
2 2 2 2 2
5 5 5 5 5
5 2 2 2 2
2 2 2 2 2
2 2 2 2 2
2 2 2 2 2
