5 5 5 5 5
5 5 5 5 5
5 5 5 5 5
5 7 7 7 7
7 7 7 7 7
5 5 5 5 5
5 5 5 5 5
5 5 5 5 5
5 7 7 7 7
7 7 7 7 7
5 5 5 5 5
5 5 5 5 5
5 5 5 5 5
7 7 7 7 7
7 7 7 7 7
5 5 5 5 5
5 5 5 5 5
5 5 5 5 5
7 7 7 7 7
7 7 7 7 7
5 5 5 5 5
5 5 5 5 5
5 5 5 5 5
7 7 7 7 7
7 7 7 7 7
5 5 5 5 5
5 5 5 5 5
5 5 5 5 7
7 7 7 7 7
7 7 7 7 7
5 5 5 5 5
5 5 5 5 5
5 5 5 5 6
7 7 7 7 7
7 7 7 7 7
5 5 5 5 5
5 5 5 5 5
5 5 5 5 6
6 6 6 7 7
7 7 7 7 7
5 5 5 5 5
5 5 5 5 5
5 5 5 6 6
6 6 6 6 6
6 7 7 7 7
5 5 5 5 5
5 5 5 5 5
5 5 5 6 6
6 6 6 6 6
6 6 6 6 6
5 5 5 5 5
5 5 5 5 5
5 5 6 6 6
6 6 6 6 6
6 6 6 6 6
5 5 5 5 5
5 5 5 5 5
5 3 6 6 6
6 6 6 6 6
6 6 6 6 6
5 5 5 5 1
1 1 3 3 3
3 3 3 6 6
6 6 6 6 6
6 6 6 6 6
1 1 1 1 1
1 1 3 3 3
3 3 3 3 6
6 6 6 6 6
6 6 6 6 6
1 1 1 1 1
1 1 1 3 3
3 3 3 3 3
3 6 6 6 6
6 6 6 6 6
1 1 1 1 1
1 1 1 3 3
3 3 3 3 3
3 3 6 6 6
6 6 6 6 6
1 1 1 1 1
1 1 1 3 3
3 3 3 3 3
3 3 3 0 6
6 6 6 6 6
1 1 1 1 1
1 1 1 1 3
3 3 3 3 3
3 3 0 0 0
0 0 0 0 6
1 1 1 1 1
1 1 1 1 3
3 3 3 3 3
3 3 0 0 0
0 0 0 0 0
1 1 1 1 1
1 1 1 1 3
3 3 3 3 3
3 0 0 0 0
0 0 0 0 0
1 1 1 1 1
1 1 1 1 3
3 3 3 3 3
3 0 0 0 0
0 0 0 0 0
1 1 1 1 1
1 1 1 1 4
4 3 3 3 3
3 0 0 0 0
0 0 0 0 0
1 1 1 1 1
1 1 1 1 4
4 4 4 4 3
0 0 0 0 0
0 0 0 0 0
1 1 1 1 1
1 1 1 1 4
4 4 4 4 4
0 0 0 0 0
0 0 0 0 0
9 1 1 1 1
1 1 1 1 4
4 4 4 4 4
0 0 0 0 0
0 0 0 0 0
9 9 9 9 1
1 1 1 1 4
4 4 4 4 4
0 0 0 0 0
0 0 0 0 0
9 9 9 9 9
9 9 1 1 4
4 4 4 4 4
0 0 0 0 0
0 0 0 0 0
9 9 9 9 9
9 9 9 9 4
4 4 4 8 8
8 0 0 0 0
0 0 0 0 0
9 9 9 9 9
9 9 9 9 9
8 8 8 8 8
8 8 8 0 0
0 0 0 0 0
9 9 9 9 9
9 9 9 9 9
8 8 8 8 8
8 8 8 8 8
8 0 0 0 3
9 9 9 9 9
9 9 9 9 9
8 8 8 8 8
8 8 8 8 8
8 8 3 3 3
9 9 9 9 9
9 9 9 9 9
8 8 8 8 8
8 8 8 8 8
8 8 3 3 3
9 9 9 9 9
9 9 9 9 8
8 8 8 8 8
8 8 8 8 8
8 3 3 3 3
9 9 9 9 9
9 9 9 9 8
8 8 8 8 8
8 8 8 8 8
3 3 3 3 3
9 9 9 9 9
9 9 9 9 8
8 8 8 8 8
8 8 8 8 8
3 3 3 3 3
9 9 9 9 9
9 9 9 8 8
8 8 8 8 8
8 8 8 8 3
3 3 3 3 3
9 9 9 9 9
9 9 8 8 8
8 8 8 8 8
8 8 8 3 3
3 3 3 3 3
9 9 9 9 9
2 8 8 8 8
8 8 8 8 8
8 8 8 3 3
3 3 3 3 3
6 2 2 2 2
2 2 8 8 8
8 8 8 8 8
8 8 3 3 3
3 3 3 3 3
6 6 2 2 2
2 2 2 8 8
8 8 8 8 8
8 8 9 3 3
3 3 3 3 3
6 6 6 2 2
2 2 2 2 8
8 8 8 8 8
8 9 9 9 3
3 3 3 3 3
6 6 6 2 2
2 2 2 2 8
8 8 8 8 8
9 9 9 9 9
3 3 3 3 3
6 6 6 6 2
2 2 2 2 2
8 8 8 8 9
9 9 9 9 9
9 3 3 3 3
6 6 6 6 6
2 2 2 2 2
2 8 8 9 9
9 9 9 9 9
2 2 2 2 2
6 6 6 6 6
6 2 2 2 2
2 2 8 9 9
9 9 9 9 9
2 2 2 2 2
6 6 6 6 6
6 2 2 2 2
2 2 9 9 9
9 9 9 9 9
2 2 2 2 2
6 6 6 6 6
6 6 2 2 2
2 2 9 9 9
9 9 9 9 2
2 2 2 2 2
6 6 6 6 6
6 6 6 2 2
2 2 9 9 9
9 9 9 9 2
2 2 2 2 2
6 6 6 6 6
6 6 6 2 2
2 2 9 9 9
9 9 9 2 2
2 2 2 2 2
6 6 6 6 6
6 6 6 6 2
2 9 9 9 9
9 9 9 2 2
2 2 2 2 2
