2 2 2 2 2
2 2 5 5 5
5 5 5 5 5
5 5 5 5 5
5 5 5 5 5
2 2 2 2 2
2 2 0 5 5
5 5 5 5 5
5 5 5 5 5
5 5 5 5 5
2 2 2 2 2
2 2 0 0 5
5 5 5 5 5
5 5 5 5 5
5 5 5 5 5
2 2 2 2 2
2 0 0 0 5
5 5 5 5 5
5 5 5 5 5
5 5 5 5 5
2 2 2 2 2
8 0 0 0 0
5 5 5 5 5
5 5 5 5 5
5 5 5 5 5
2 2 2 2 8
8 0 0 0 0
0 5 5 5 5
5 5 5 5 5
5 5 5 5 5
2 2 8 8 8
0 0 0 0 0
0 8 5 5 5
5 5 5 5 5
5 5 4 4 4
2 8 8 8 8
0 0 0 0 0
8 8 9 9 9
9 9 9 9 5
4 4 4 4 4
8 8 8 8 8
0 0 0 0 8
8 8 9 9 9
9 9 9 9 4
4 4 4 4 4
8 8 8 8 2
2 0 0 8 8
8 9 9 9 9
9 9 9 4 4
4 4 4 4 4
8 8 8 2 2
2 2 8 8 8
8 9 9 9 9
9 9 4 4 4
4 4 4 4 4
8 2 2 2 2
2 2 8 8 8
8 9 9 9 9
9 9 4 4 4
4 4 4 4 4
2 2 2 2 2
2 2 2 8 8
8 9 9 9 9
9 4 4 4 4
4 4 4 4 4
2 2 2 2 2
2 2 2 8 8
8 9 9 9 9
9 4 4 4 4
4 4 4 4 4
2 2 2 2 2
2 2 2 8 8
8 9 9 9 9
4 4 4 4 4
4 4 4 4 4
2 2 2 2 2
2 2 2 8 8
8 9 9 9 4
4 4 4 4 4
4 4 4 4 4
2 2 2 2 2
2 2 2 8 8
1 1 1 1 4
4 4 4 4 4
4 4 4 4 4
2 2 2 2 2
2 2 2 1 1
1 1 1 1 1
4 4 4 4 4
4 4 4 4 4
3 3 3 3 3
3 3 1 1 1
1 1 1 1 1
1 4 4 4 4
4 4 4 4 4
3 3 3 3 3
3 3 1 1 1
1 1 1 1 1
1 1 1 4 4
4 4 4 4 4
3 3 3 3 3
3 3 3 1 1
1 1 1 1 1
1 1 1 1 4
4 4 4 4 4
3 3 3 3 3
3 3 3 1 1
1 1 1 1 1
1 1 1 1 1
4 4 4 4 4
3 3 3 3 3
3 3 3 3 1
1 1 1 1 1
1 1 1 1 1
1 4 4 4 4
3 3 3 3 3
3 3 3 3 1
1 1 1 1 1
1 1 1 1 1
1 1 1 4 4
3 3 3 3 3
3 3 3 3 3
1 1 1 1 1
1 1 1 1 1
1 1 1 1 4
3 3 3 3 3
3 3 3 3 3
1 1 1 1 1
1 1 1 1 1
1 1 1 1 1
3 3 3 3 3
3 3 3 3 3
3 1 1 1 1
1 1 1 1 1
1 1 1 1 1
3 3 3 3 3
3 3 3 3 3
3 1 1 1 1
1 1 1 1 1
1 1 1 1 1
3 3 3 3 3
3 3 3 3 3
3 3 1 1 1
1 1 1 1 1
1 1 1 1 1
3 3 3 3 3
3 3 3 3 3
3 3 1 1 1
1 1 1 1 1
1 1 1 1 1
6 6 6 6 6
6 6 6 6 6
3 6 6 1 1
1 1 1 1 1
1 1 1 1 1
6 6 6 6 6
6 6 6 6 6
6 6 6 6 6
6 6 1 1 1
1 1 1 1 1
6 6 6 6 6
6 6 6 6 6
6 6 6 6 6
6 6 6 6 7
7 7 7 7 7
6 6 6 6 6
6 6 6 6 6
6 6 6 6 6
6 6 6 7 7
7 7 7 7 7
6 6 6 6 6
6 6 6 6 6
6 6 6 6 6
6 6 7 7 7
7 7 7 7 7
6 6 6 6 6
6 6 6 6 6
6 6 6 6 6
6 7 7 7 7
7 7 7 7 7
6 6 6 6 6
6 6 6 6 6
6 6 6 6 6
7 7 7 7 7
7 7 7 7 7
6 6 6 6 6
6 6 6 6 6
6 6 6 6 7
7 7 7 7 7
7 7 7 7 7
6 6 6 6 6
6 6 6 6 6
6 6 6 7 7
7 7 7 7 7
7 7 7 7 7
9 9 9 9 9
9 6 6 6 6
6 6 6 7 7
7 7 7 7 7
7 7 7 7 7
9 9 9 9 9
9 9 9 6 6
6 6 7 7 7
7 7 7 7 7
7 7 7 7 7
9 9 9 9 9
9 9 9 9 6
6 7 7 7 7
7 7 7 7 7
7 7 7 7 7
9 9 9 9 9
9 9 9 9 9
7 7 7 7 7
7 7 7 7 7
7 7 7 7 7
9 9 9 9 9
9 9 9 9 9
7 7 7 7 7
7 7 7 7 7
7 7 7 7 7
9 9 9 9 9
9 9 9 9 9
8 8 8 7 7
7 7 7 7 7
7 7 7 7 7
9 9 9 9 9
9 9 9 9 9
8 8 8 8 8
8 8 7 7 7
7 7 7 7 7
9 9 9 9 9
9 9 9 9 8
8 8 8 8 8
8 8 8 8 8
7 7 7 7 7
9 9 9 9 9
9 9 9 9 8
8 8 8 8 8
8 8 8 8 8
8 8 8 7 7
9 9 9 9 9
9 9 9 8 8
8 8 8 8 8
8 8 8 8 8
8 8 8 8 8
9 9 9 9 9
9 9 9 8 8
8 8 8 8 8
8 8 8 8 8
8 8 8 8 8
