7 7 7 7 7
7 7 7 7 7
7 7 7 7 7
5 5 5 5 5
5 5 5 5 5
7 7 7 7 7
7 7 7 7 7
7 7 7 7 9
5 5 5 5 5
5 5 5 5 5
7 7 7 7 7
7 7 7 7 7
7 7 7 9 9
9 5 5 5 5
5 5 5 5 5
7 7 7 7 7
7 7 7 7 7
7 7 7 9 9
9 9 5 5 5
5 5 5 5 5
7 7 7 7 7
7 7 7 7 7
7 7 9 9 9
9 9 9 5 5
5 5 5 5 5
9 9 9 7 7
7 7 7 7 7
7 9 9 9 9
9 9 9 5 5
5 5 5 5 5
9 9 9 9 9
9 9 7 7 7
9 9 9 9 9
9 9 9 9 0
0 5 5 5 5
9 9 9 9 9
9 9 9 9 9
9 9 9 9 9
9 9 9 9 0
0 0 0 5 5
9 9 9 9 9
9 9 9 9 5
9 9 9 9 9
9 9 9 9 0
0 0 0 0 0
9 9 9 9 9
6 6 6 6 5
5 9 9 9 9
9 9 9 9 9
0 0 0 0 0
9 6 6 6 6
6 6 6 6 5
5 5 9 9 9
9 9 9 9 9
0 0 0 0 0
6 6 6 6 6
6 6 6 5 5
5 5 5 9 9
9 9 9 9 9
9 0 0 0 0
6 6 6 6 6
6 6 6 5 5
5 5 5 5 9
9 9 9 9 9
9 0 0 0 0
6 6 6 6 6
6 6 6 5 5
5 5 5 5 5
9 9 9 9 9
9 0 0 0 0
6 6 6 6 6
6 6 5 5 5
5 5 5 5 5
5 9 9 9 9
9 9 0 0 0
6 6 6 6 6
6 6 5 5 5
5 5 5 5 5
5 5 9 9 9
9 9 0 0 0
6 6 6 6 6
6 6 5 5 5
5 5 5 5 5
5 5 5 5 9
9 9 0 0 0
6 6 6 6 6
6 6 5 5 5
5 5 5 5 5
5 5 5 5 5
9 9 9 0 0
6 6 6 6 6
6 5 5 5 5
5 5 5 5 5
5 5 5 5 5
5 9 9 0 0
6 6 6 6 8
8 8 5 5 5
5 5 5 5 5
5 5 5 5 5
5 5 9 0 0
6 8 8 8 8
8 8 8 8 5
5 5 5 5 5
5 5 5 5 5
5 5 5 9 0
8 8 8 8 8
8 8 8 8 8
0 0 5 5 5
5 5 5 5 5
5 5 1 1 1
8 8 8 8 8
8 8 8 8 8
0 0 0 0 0
5 5 5 5 1
1 1 1 1 1
8 8 8 8 8
8 8 8 8 0
0 0 0 0 0
0 0 1 1 1
1 1 1 1 1
8 8 8 8 8
8 8 8 8 0
0 0 0 0 0
0 0 1 1 1
1 1 1 1 1
8 8 8 8 8
8 8 8 8 0
0 0 0 0 0
0 1 1 1 1
1 1 1 1 1
8 8 8 8 8
8 8 8 8 0
0 0 0 0 0
0 1 1 1 1
1 1 1 1 1
8 8 8 8 8
8 8 8 8 0
0 0 0 0 0
0 1 1 1 1
1 1 1 1 1
8 8 8 8 8
8 8 8 0 0
0 0 0 0 0
1 1 1 1 1
1 1 1 1 1
8 8 8 8 8
8 8 8 0 0
0 0 0 0 0
1 1 1 1 1
1 1 1 1 1
8 8 8 8 8
8 8 8 0 0
0 0 0 0 0
1 1 1 1 1
1 1 1 1 1
8 8 8 8 8
8 8 8 0 0
0 0 0 0 1
1 1 1 1 1
1 1 1 1 1
8 8 8 8 8
2 2 2 2 2
2 2 2 2 1
1 1 1 1 1
1 1 1 1 1
8 2 2 2 2
2 2 2 2 2
2 2 2 2 1
1 1 1 1 1
1 1 1 1 1
2 2 2 2 2
2 2 2 2 2
2 2 2 2 3
3 3 3 1 1
1 1 1 1 1
2 2 2 2 2
2 2 2 2 2
2 2 2 2 3
3 3 3 3 3
3 3 3 1 1
2 2 2 2 2
2 2 2 2 2
2 2 2 2 3
3 3 3 3 3
3 3 3 3 3
4 2 2 2 2
2 2 2 2 2
2 2 2 2 3
3 3 3 3 3
3 3 3 3 3
4 4 4 2 2
2 2 2 2 2
2 2 2 3 3
3 3 3 3 3
3 3 3 3 3
4 4 4 4 2
2 2 2 2 2
2 2 2 3 3
3 3 3 3 3
3 3 3 3 3
4 4 4 4 4
4 2 2 2 2
2 2 2 3 3
3 3 3 3 3
3 3 3 3 3
4 4 4 4 4
4 4 4 2 2
2 2 2 3 3
3 3 3 3 3
3 3 3 3 3
4 4 4 4 4
4 4 4 4 4
2 2 3 3 3
3 3 3 3 3
3 3 3 3 3
4 4 4 4 4
4 4 4 4 4
4 9 9 9 9
3 3 3 3 3
3 3 3 8 8
4 4 4 4 4
4 4 4 4 4
4 9 9 9 9
9 9 8 8 8
8 8 8 8 8
4 4 4 4 4
4 4 4 4 4
9 9 9 9 9
9 9 8 8 8
8 8 8 8 8
4 4 4 4 4
4 4 4 4 4
9 9 9 9 9
9 9 8 8 8
8 8 8 8 8
4 4 4 4 4
4 4 4 4 9
9 9 9 9 9
9 9 8 8 8
8 8 8 8 8
4 4 4 4 4
4 4 4 4 9
9 9 9 9 9
9 9 8 8 8
8 8 8 8 8
4 4 4 4 4
4 4 4 4 9
9 9 9 9 9
9 9 8 8 8
8 8 8 8 8
