5 7 7 7 7
7 7 7 7 7
0 0 0 0 0
0 0 0 0 0
0 0 0 0 0
5 5 7 7 7
7 7 7 7 7
7 0 0 0 0
0 0 0 0 0
0 0 0 0 7
5 5 5 5 7
7 7 7 7 7
7 0 0 0 0
0 0 0 0 0
0 0 0 7 7
5 5 5 5 5
5 7 7 7 7
7 7 0 0 0
0 0 0 0 0
0 0 7 7 7
5 5 5 5 5
5 5 5 7 7
7 7 0 0 0
0 0 0 0 0
0 7 7 7 7
5 5 5 5 5
5 5 5 5 5
7 7 7 0 0
0 0 0 0 0
7 7 7 7 7
5 5 5 5 5
5 5 5 5 5
5 5 7 0 0
0 0 0 0 7
7 7 7 7 7
5 5 5 5 5
5 5 5 5 5
5 5 5 5 1
1 1 1 7 7
7 7 7 7 7
1 1 5 5 5
5 5 5 5 5
5 5 1 1 1
1 1 1 7 7
7 7 7 7 7
1 1 1 1 5
5 5 5 5 5
5 1 1 1 1
1 1 1 7 7
7 7 7 7 7
1 1 1 1 1
1 1 5 5 5
1 1 1 1 1
1 1 1 1 7
7 7 7 7 7
1 1 1 1 1
1 1 1 1 1
1 1 1 1 1
1 1 1 1 7
7 7 7 7 7
1 1 1 1 1
1 1 1 1 1
1 1 1 1 1
1 1 1 1 7
7 7 7 7 7
1 1 1 1 1
1 1 1 1 1
1 1 1 1 1
1 1 1 1 7
7 7 7 7 7
1 1 1 1 1
1 1 1 1 1
1 1 1 1 1
1 1 1 1 7
7 7 7 7 7
1 1 1 1 1
1 1 1 1 1
1 1 1 1 1
1 1 1 3 3
7 7 7 7 7
1 1 1 1 1
1 1 1 1 3
3 3 3 3 3
3 3 3 3 3
7 7 7 7 7
1 1 1 1 1
1 1 1 1 3
3 3 3 3 3
3 3 3 3 3
3 7 7 7 7
1 1 1 1 1
1 1 1 1 3
3 3 3 3 3
3 3 3 3 3
6 6 6 7 7
9 9 9 9 9
9 9 9 9 3
3 3 3 3 3
3 3 8 8 6
6 6 6 6 6
9 9 9 9 9
9 9 9 9 3
3 3 3 3 8
8 8 8 8 6
6 6 6 6 6
9 9 9 9 9
9 9 9 9 9
8 8 8 8 8
8 8 8 8 6
6 6 6 6 6
9 9 9 9 9
9 9 9 9 9
8 8 8 8 8
8 8 8 6 6
6 6 6 6 6
9 9 9 9 9
9 9 9 9 9
8 8 8 8 8
8 8 8 6 6
6 6 6 6 6
9 9 9 9 9
9 9 9 9 9
8 8 8 8 8
8 8 8 6 6
6 6 6 6 6
9 9 9 9 9
9 9 9 9 9
8 8 8 8 8
8 8 6 6 6
6 6 6 6 6
9 9 9 9 9
9 9 9 9 9
8 8 8 8 8
8 8 6 6 6
6 6 6 6 6
9 9 9 9 9
9 9 9 9 9
8 8 8 8 8
8 8 6 6 6
6 6 6 6 6
9 9 9 9 9
9 9 9 9 9
9 8 8 8 8
8 8 6 6 6
6 6 6 6 6
9 9 9 9 9
9 9 9 9 9
9 8 8 8 8
8 6 6 6 6
6 6 6 6 6
9 9 9 9 9
9 9 9 9 9
9 8 8 8 8
8 6 6 6 6
6 6 6 6 6
4 4 4 9 9
9 9 9 9 9
9 8 8 8 8
8 6 6 6 6
6 6 6 6 6
4 4 4 4 4
4 4 4 4 4
4 4 8 8 8
2 2 2 6 6
6 6 6 6 6
4 4 4 4 4
4 4 4 4 4
4 4 4 2 2
2 2 2 6 6
6 6 6 6 6
4 4 4 4 4
4 4 4 4 4
4 4 4 2 2
2 2 2 2 6
6 6 6 6 6
4 4 4 4 4
4 4 4 4 4
4 4 4 2 2
2 2 2 2 2
6 6 6 6 6
4 4 4 4 4
4 4 4 4 4
4 4 4 2 2
2 2 2 2 2
6 6 6 6 6
4 4 4 4 4
4 4 4 4 4
4 4 4 2 2
2 2 2 2 2
2 6 6 6 6
4 4 4 4 4
4 4 4 4 4
4 4 4 2 2
2 2 2 2 2
2 6 6 6 6
4 4 4 4 4
4 4 4 4 4
4 4 4 2 2
2 2 2 2 2
2 2 6 6 6
4 4 4 4 4
4 4 4 4 4
4 4 2 2 2
2 2 2 2 2
2 2 6 6 6
4 4 4 4 4
4 4 4 4 4
4 4 2 2 2
2 2 2 2 2
2 2 2 6 6
4 4 4 4 4
4 4 4 4 4
4 4 2 2 2
2 2 2 2 2
2 2 9 9 9
4 4 4 4 4
4 4 4 4 4
4 4 2 2 2
2 2 2 2 2
9 9 9 9 9
4 4 4 4 4
4 4 4 4 4
4 4 2 2 2
2 2 2 9 9
9 9 9 9 9
4 4 4 4 4
4 4 4 4 4
4 4 2 2 2
2 9 9 9 9
9 9 9 9 9
4 4 4 4 4
4 4 4 4 4
4 4 2 9 9
9 9 9 9 9
9 9 9 9 9
4 4 4 4 4
4 4 4 4 4
4 4 9 9 9
9 9 9 9 9
9 9 9 9 9
4 4 4 4 4
4 4 4 4 4
4 4 9 9 9
9 9 9 9 9
9 9 9 9 9
4 4 4 4 4
4 4 4 4 4
4 4 9 9 9
9 9 9 9 9
9 9 9 9 9
