3 3 3 3 3
3 3 3 3 3
3 3 3 2 2
2 2 2 2 2
2 2 2 2 2
3 3 3 3 3
3 3 3 3 3
3 3 2 2 2
2 2 2 2 2
2 2 2 2 2
3 3 3 3 3
3 3 3 3 3
3 3 2 2 2
2 2 2 2 2
2 2 2 2 2
3 3 3 3 3
3 3 3 3 3
3 3 2 2 2
2 2 2 2 2
2 2 2 2 2
3 3 3 3 3
3 3 3 3 3
3 3 2 2 2
2 2 2 2 2
2 2 2 2 2
3 3 3 3 3
3 3 3 3 3
7 7 2 2 2
2 2 2 2 2
2 2 2 2 2
3 3 3 3 3
3 7 7 7 7
7 7 7 2 2
2 2 2 2 2
2 2 2 2 2
6 6 6 6 6
6 7 7 7 7
7 7 7 2 2
2 2 2 2 2
2 2 2 2 2
6 6 6 6 6
6 7 7 7 7
7 7 7 7 2
2 2 2 2 2
2 2 2 2 2
6 6 6 6 6
7 7 7 7 7
7 7 7 7 7
6 6 6 6 6
6 6 6 6 6
6 6 6 6 6
7 7 7 7 7
7 7 7 7 7
6 6 6 6 6
6 6 6 6 6
6 6 6 6 6
7 7 7 7 7
7 7 7 7 1
1 6 6 6 6
6 6 6 6 6
6 6 6 6 6
7 7 7 7 7
7 7 7 1 1
1 6 6 6 6
6 6 6 6 6
6 6 6 6 6
7 7 7 7 7
7 7 7 1 1
1 1 6 6 6
6 6 6 6 6
6 6 6 6 6
7 7 7 7 7
7 7 1 1 1
1 1 6 6 6
6 6 6 6 6
6 6 6 6 6
7 7 7 7 7
7 7 1 1 1
1 1 1 6 6
6 6 6 6 6
6 6 6 6 6
7 7 7 7 7
7 1 1 1 1
1 1 1 1 6
6 6 6 6 6
6 6 6 6 6
7 7 7 7 7
7 1 1 1 1
1 1 1 1 2
2 6 6 6 6
6 6 6 6 7
7 7 7 7 7
1 1 1 1 1
1 1 1 1 2
2 2 2 2 2
6 6 6 6 7
7 7 7 7 7
1 1 1 1 1
1 1 1 2 2
2 2 2 2 2
6 6 6 6 7
7 7 7 7 1
1 1 1 1 1
1 1 1 2 2
2 2 2 2 2
6 6 6 6 7
7 7 7 1 1
1 1 1 1 1
1 1 1 2 2
2 2 2 2 2
6 6 6 6 7
7 7 7 1 1
1 1 1 1 1
1 1 2 2 2
2 2 2 2 2
6 6 6 6 7
7 7 1 1 1
1 1 1 1 1
1 1 2 2 2
2 2 2 2 2
6 6 6 6 7
7 7 1 1 1
1 1 1 1 1
1 2 2 2 2
2 2 2 2 2
5 5 5 5 5
5 5 5 1 1
1 1 1 1 1
1 2 2 2 2
2 2 2 2 2
5 5 5 5 5
5 5 5 5 5
1 1 1 1 1
1 2 2 2 2
2 2 2 2 2
5 5 5 5 5
5 5 5 5 5
5 5 1 1 1
2 2 2 2 2
2 2 2 2 2
5 5 5 5 5
5 5 5 5 5
5 5 5 9 9
9 2 2 2 2
2 2 2 2 2
5 5 5 5 5
5 5 5 5 5
5 5 5 9 9
9 9 9 2 2
2 2 2 2 2
5 5 5 5 5
5 5 5 5 5
5 5 9 9 9
9 9 9 9 9
2 2 2 2 2
5 5 5 5 5
5 5 5 5 5
5 5 9 9 9
9 9 9 9 9
9 9 9 2 2
5 5 5 5 5
5 5 5 5 5
5 5 9 9 9
9 9 9 9 9
9 9 9 9 9
5 5 5 5 5
5 5 5 5 5
5 9 9 9 9
9 9 9 9 9
9 9 9 9 9
5 5 5 5 5
5 5 5 5 5
5 9 9 9 9
9 9 9 9 9
9 9 9 9 9
5 5 5 5 5
5 5 5 5 5
5 9 9 9 9
9 9 9 9 9
9 9 9 9 9
5 5 5 5 5
5 5 5 5 5
9 9 9 9 9
9 9 9 9 9
9 9 9 9 9
8 8 8 8 8
5 5 5 5 5
9 9 9 9 9
9 9 9 9 9
9 9 9 9 9
8 8 8 8 8
8 8 8 8 0
0 0 9 9 9
9 9 9 9 9
9 9 9 9 9
8 8 8 8 8
8 8 8 8 0
0 0 0 9 9
9 9 9 9 9
3 9 9 9 9
8 8 8 8 8
8 8 8 8 0
0 0 0 0 0
9 9 9 9 3
3 9 9 9 9
8 8 8 8 8
8 8 8 8 0
0 0 0 0 0
0 9 3 3 3
3 9 9 9 9
8 8 8 8 8
8 8 8 8 0
0 0 0 0 0
0 0 3 3 3
3 3 9 9 9
8 8 8 8 8
8 8 8 5 5
5 5 5 5 0
0 3 3 3 3
3 3 9 9 9
8 8 8 8 8
8 5 5 5 5
5 5 5 5 5
5 3 3 3 3
3 3 9 9 9
8 8 8 8 8
5 5 5 5 5
5 5 5 5 5
5 3 3 3 3
3 3 3 9 9
8 8 8 5 5
5 5 5 5 5
5 5 5 5 5
8 8 3 3 3
3 3 3 9 9
8 8 5 5 5
5 5 5 5 5
5 5 5 5 5
8 8 8 8 3
3 3 3 9 9
8 5 5 5 5
5 5 5 5 5
5 5 5 5 8
8 8 8 8 8
8 3 3 9 9
5 5 5 5 5
5 5 5 5 5
5 5 5 5 8
8 8 8 8 8
8 8 3 3 9
