8 8 8 8 8
8 8 8 8 8
8 8 8 8 8
8 8 2 2 2
2 2 2 3 3
8 8 8 8 8
8 8 8 8 8
8 8 8 8 8
8 2 2 2 2
2 2 2 3 3
8 8 8 8 8
8 8 8 8 8
8 8 8 8 8
8 2 2 2 2
2 2 2 3 3
8 8 8 8 8
8 8 8 8 8
8 8 8 8 8
8 2 2 2 2
2 2 2 3 3
8 8 8 8 8
8 8 8 8 8
8 8 8 8 8
2 2 2 2 2
2 2 2 3 3
8 8 8 8 8
8 8 8 8 8
8 8 8 8 8
2 2 2 2 2
2 2 2 3 3
8 8 8 8 8
8 8 8 8 8
8 8 8 8 8
2 2 2 2 2
2 2 2 3 3
8 8 8 8 8
8 8 8 8 8
8 8 8 8 2
2 2 2 2 2
2 2 2 3 3
8 8 8 8 8
8 8 8 8 8
8 8 8 4 2
2 2 2 2 2
2 2 2 3 3
8 8 8 8 8
8 8 8 8 8
8 8 4 4 4
2 2 2 2 2
2 2 3 3 3
8 8 8 8 8
8 8 8 8 8
8 4 4 4 4
4 2 2 2 2
2 2 3 3 3
8 8 8 8 8
8 8 8 8 8
4 4 4 4 4
4 4 2 2 2
2 2 3 3 3
8 8 8 8 8
8 8 8 4 4
4 4 4 4 4
4 4 4 8 8
8 8 3 3 3
8 8 8 8 8
8 8 4 4 4
4 4 4 4 4
4 4 4 8 8
8 8 8 8 3
8 8 8 8 8
8 4 4 4 4
4 4 4 4 4
4 4 4 8 8
8 8 8 8 8
5 8 8 8 4
4 4 4 4 4
4 4 4 4 4
4 4 4 8 8
8 8 8 0 0
5 5 5 5 4
4 4 4 4 4
4 4 4 4 4
4 4 4 8 8
8 8 0 0 0
5 5 5 5 5
4 4 4 4 4
4 4 4 4 4
4 4 4 8 8
4 4 0 0 0
5 5 5 5 5
5 4 4 4 4
4 4 4 4 4
4 4 4 4 4
4 4 0 0 0
5 5 5 5 5
5 5 4 4 4
4 4 4 4 4
4 4 4 4 4
4 4 0 0 0
5 5 5 5 5
5 5 5 5 4
4 4 4 4 4
4 4 4 4 4
4 4 4 0 2
5 5 5 5 5
5 5 5 5 5
4 4 4 4 4
4 4 4 4 4
4 4 2 2 2
5 5 5 5 5
5 5 5 5 5
5 4 4 4 4
4 4 4 4 4
4 4 2 2 2
5 5 5 5 5
5 5 5 5 5
5 5 4 4 4
4 4 4 4 4
4 2 2 2 2
5 5 5 5 5
5 5 5 5 5
5 5 5 4 4
4 4 4 4 4
2 2 2 2 2
5 5 5 5 5
5 5 5 5 5
5 5 5 4 4
4 4 4 4 2
2 2 2 2 2
5 5 5 5 5
5 5 5 5 5
5 5 5 5 4
4 4 4 2 2
2 2 2 2 2
5 5 5 5 5
5 5 5 5 5
5 5 5 9 9
9 4 2 2 2
2 2 2 2 2
5 5 5 5 5
5 5 5 5 5
5 5 9 9 9
9 9 9 2 2
2 2 2 2 2
5 5 5 5 5
5 5 5 5 5
5 9 9 9 9
9 9 9 9 2
2 2 2 2 2
5 5 5 5 5
5 5 5 0 0
0 9 9 9 9
9 9 9 9 9
9 2 2 2 2
5 5 5 0 0
0 0 0 0 0
0 9 9 9 9
9 9 9 9 9
9 9 2 2 2
0 0 0 0 0
0 0 0 0 0
9 9 9 9 9
9 9 9 9 9
9 9 9 9 2
0 0 0 0 0
0 0 0 0 0
9 9 9 9 9
9 9 9 9 9
9 9 9 9 6
0 0 0 0 0
0 0 0 0 0
9 9 9 9 9
9 9 9 9 9
9 9 9 6 6
0 0 0 0 0
0 0 0 0 0
9 9 9 9 9
9 9 9 9 9
9 9 6 6 6
2 0 0 0 0
0 0 0 0 9
9 9 9 9 9
9 9 9 9 9
9 6 6 6 6
2 2 0 0 0
0 0 0 0 9
9 9 9 9 9
9 9 9 9 6
6 6 6 6 6
2 2 2 0 0
0 0 0 0 9
9 9 9 9 9
9 9 9 6 6
6 6 6 6 6
2 2 2 2 0
0 0 0 0 9
9 9 9 9 9
9 9 6 6 6
6 6 6 6 6
2 2 2 2 2
2 0 0 9 9
9 9 9 9 9
9 6 6 6 6
6 6 6 6 6
2 2 2 2 2
2 2 1 1 9
9 9 9 9 9
9 6 6 6 6
6 6 6 6 6
2 2 2 2 2
2 1 1 1 1
9 9 9 9 9
9 9 6 6 6
6 6 6 6 6
2 2 2 2 2
1 1 1 1 1
1 9 9 9 9
9 9 6 6 6
6 6 6 6 6
2 2 2 2 2
1 1 1 1 1
1 1 9 9 9
9 9 9 6 6
6 6 6 6 6
2 2 2 2 1
1 1 1 1 1
1 1 9 9 9
9 9 9 6 6
6 6 6 6 6
2 2 2 1 1
1 1 1 1 1
1 1 1 9 9
9 9 9 9 6
6 6 6 6 6
2 2 1 1 1
1 1 1 1 1
1 1 1 1 9
9 9 9 9 6
6 6 6 6 6
2 1 1 1 1
1 1 1 1 1
1 1 1 1 9
9 9 9 9 9
6 6 6 6 6
2 1 1 1 1
1 1 1 1 1
1 1 1 1 1
9 9 9 9 9
6 6 6 6 6
