9 9 9 9 9
9 9 9 9 9
9 9 9 9 7
7 7 7 7 8
8 8 8 8 8
9 9 9 9 9
9 9 9 9 9
9 9 9 9 7
7 7 7 7 8
8 8 8 8 8
9 9 9 9 9
9 9 9 9 9
9 9 9 9 7
7 7 7 7 8
8 8 8 8 8
7 9 9 9 9
9 9 9 9 9
9 9 9 9 7
7 7 7 7 7
8 8 8 8 8
7 7 9 9 9
9 9 9 9 9
9 9 9 9 7
7 7 7 7 7
8 8 8 8 8
7 7 7 9 9
9 9 9 9 9
9 9 9 9 7
7 7 7 7 7
7 8 8 8 8
7 7 7 7 9
9 9 9 9 9
9 9 9 9 7
7 7 7 7 7
7 8 8 8 8
7 7 7 7 7
7 9 9 9 9
9 9 9 9 7
7 7 7 7 7
7 8 8 8 8
7 7 7 7 7
7 7 9 9 9
9 9 9 9 6
7 7 7 7 7
7 7 8 8 8
7 7 7 7 7
7 7 7 9 9
9 9 6 6 6
6 6 7 7 4
4 4 4 4 8
7 7 7 7 7
7 7 7 7 9
9 6 6 6 6
6 6 6 4 4
4 4 4 4 4
7 7 7 7 7
7 7 7 7 7
6 6 6 6 6
6 6 6 4 4
4 4 4 4 4
4 7 7 7 7
7 7 7 7 7
6 6 6 6 6
6 6 6 4 4
4 4 4 4 6
4 4 7 7 7
7 7 7 7 7
6 6 6 6 6
6 6 6 4 4
4 4 6 6 6
4 4 4 7 7
7 7 7 7 7
3 3 3 3 6
6 6 4 4 4
6 6 6 6 6
4 4 4 4 7
7 7 7 7 3
3 3 3 3 3
3 3 3 6 6
6 6 6 6 6
4 4 4 4 4
7 7 7 7 3
3 3 3 3 3
3 3 3 6 6
6 6 6 6 6
4 4 4 4 4
4 7 7 7 3
3 3 3 3 3
3 3 3 6 6
6 6 6 6 6
4 4 4 4 4
4 4 7 3 3
3 3 3 3 3
3 3 3 3 6
6 6 6 6 6
4 4 4 4 4
4 4 7 3 3
3 3 3 3 3
3 3 3 3 6
6 6 6 6 6
4 4 4 4 4
4 4 4 3 3
3 3 3 3 3
3 3 3 3 6
6 6 6 6 6
4 4 4 4 4
4 9 9 3 3
3 3 3 3 3
3 3 3 3 6
6 6 6 6 6
9 9 9 9 9
9 9 9 9 3
3 3 3 3 3
3 3 3 3 6
6 6 6 6 6
9 9 9 9 9
9 9 9 9 3
3 3 3 3 3
3 3 3 3 6
6 6 6 6 6
9 9 9 9 9
9 9 9 9 9
3 3 3 3 3
3 3 3 3 3
6 6 6 6 6
9 9 9 9 9
9 9 9 9 9
9 3 3 3 3
3 3 3 3 0
0 0 0 0 0
9 9 9 9 9
9 9 9 9 9
9 9 3 3 3
3 3 0 0 0
0 0 0 0 0
9 9 9 9 9
9 9 9 9 9
9 9 9 3 0
0 0 0 0 0
0 0 0 0 0
9 9 9 9 9
9 9 9 9 9
9 9 3 3 0
0 0 0 0 0
0 0 0 0 0
9 9 9 9 9
9 9 9 9 9
9 3 3 3 3
0 0 0 0 0
0 0 0 0 0
9 9 9 9 9
9 9 9 9 5
3 3 3 3 3
0 0 0 0 0
0 0 0 0 0
9 9 9 9 9
9 9 5 5 5
3 3 3 3 3
3 0 0 0 0
0 0 0 0 0
9 9 9 9 9
5 5 5 5 5
3 3 3 3 3
3 0 0 0 0
0 0 0 0 0
9 9 9 5 5
5 5 5 5 5
3 3 3 3 3
3 0 0 0 0
0 0 0 0 0
9 5 5 5 5
5 5 5 5 5
3 3 3 3 3
3 3 0 0 0
0 0 0 0 0
5 5 5 5 5
5 5 5 5 5
3 3 3 3 3
3 1 1 0 0
0 0 0 0 0
5 5 5 5 5
5 5 5 5 5
3 3 3 3 3
3 1 1 1 0
0 0 0 0 0
5 5 5 5 5
5 5 5 5 3
3 3 3 3 3
3 1 1 1 1
0 0 0 0 0
5 5 5 5 5
5 5 5 5 3
3 3 3 3 3
1 1 1 1 1
1 1 0 0 0
5 5 5 5 5
5 5 5 5 3
3 3 3 3 3
1 1 1 1 1
1 1 1 0 0
5 5 5 5 5
5 5 5 5 3
3 3 3 3 3
1 1 1 1 1
1 1 1 1 0
5 5 5 5 5
5 5 5 5 3
3 3 3 3 1
1 1 1 1 1
1 1 1 1 1
5 5 5 5 5
5 5 5 5 3
3 3 3 3 2
2 2 2 2 2
2 2 2 1 1
5 5 5 5 5
5 5 5 5 3
3 3 3 2 2
2 2 2 2 2
2 2 2 2 2
5 5 5 5 5
5 5 5 5 3
3 3 2 2 2
2 2 2 2 2
2 2 2 2 2
5 5 5 5 5
5 5 5 5 3
3 2 2 2 2
2 2 2 2 2
2 2 2 2 2
5 5 5 5 5
5 5 5 3 3
2 2 2 2 2
2 2 2 2 2
2 2 2 2 2
5 5 5 5 5
5 5 5 3 2
2 2 2 2 2
2 2 2 2 2
2 2 2 2 2
5 5 5 5 5
5 5 5 2 2
2 2 2 2 2
2 2 2 2 2
2 2 2 2 2
5 5 5 5 5
5 5 2 2 2
2 2 2 2 2
2 2 2 2 2
2 2 2 2 2
