1 1 1 1 1
1 1 1 1 1
1 1 1 1 1
1 1 1 1 9
9 9 9 9 9
1 1 1 1 1
1 1 1 1 1
1 1 1 1 1
1 1 9 9 9
9 9 9 9 9
1 1 1 1 1
1 1 1 1 1
1 1 1 1 1
1 9 9 9 9
9 9 9 9 9
1 1 1 1 1
1 1 1 1 1
1 1 1 1 1
9 9 9 9 9
9 9 9 9 9
1 1 1 1 1
1 1 1 1 1
1 1 1 1 9
9 9 9 9 9
9 9 9 9 9
3 1 1 1 1
1 1 1 1 1
1 1 9 9 9
9 9 9 9 9
9 9 9 9 9
3 3 3 1 1
1 1 1 1 1
1 9 9 9 9
9 9 9 9 9
9 9 9 9 9
3 3 3 3 3
9 9 9 9 9
9 9 9 9 9
9 9 9 9 9
9 9 9 9 9
3 3 3 3 3
9 9 9 9 9
9 9 9 9 9
9 9 9 9 9
9 9 9 9 9
3 3 3 3 3
9 9 9 9 9
9 9 9 9 9
9 9 9 9 9
9 9 9 9 9
3 3 3 3 3
9 9 9 9 9
9 9 9 9 9
9 9 9 9 9
9 9 9 9 9
3 3 3 3 3
9 9 9 9 9
9 9 9 9 9
9 9 9 9 9
9 9 9 9 9
3 3 3 3 5
9 9 9 9 9
9 9 9 9 9
9 9 9 9 9
9 9 9 9 9
3 3 5 5 5
9 9 9 9 9
9 9 9 9 9
9 9 9 9 9
9 9 9 9 9
5 5 5 5 5
9 9 9 9 9
9 9 9 9 9
9 9 9 9 9
9 9 9 9 9
5 5 5 5 5
9 9 9 9 9
9 9 9 9 9
9 9 9 9 9
9 9 9 9 9
5 5 5 5 2
2 9 9 9 9
9 9 9 9 9
9 9 9 9 9
9 9 9 7 7
5 5 5 2 2
2 2 9 9 9
9 9 9 9 9
9 9 9 9 9
9 9 7 7 7
5 2 2 2 2
2 2 2 2 9
9 9 9 9 9
9 9 9 9 9
7 7 7 7 7
2 2 2 2 2
2 2 2 2 6
6 6 6 6 9
9 9 9 9 7
7 7 7 7 7
2 2 2 2 2
2 2 2 2 6
6 6 6 6 6
6 9 7 7 7
7 7 7 7 7
2 2 2 2 2
2 2 2 6 6
6 6 6 6 6
6 7 7 7 7
7 7 7 7 7
2 2 2 2 2
2 2 6 6 6
6 6 6 6 6
6 7 7 7 7
7 7 7 7 7
2 2 2 2 2
2 6 6 6 6
6 6 6 6 6
6 7 7 7 7
7 7 7 7 7
2 2 2 2 2
6 6 6 6 6
6 6 6 6 6
6 7 7 7 7
7 7 7 7 7
2 2 2 2 6
6 6 6 6 6
6 6 6 6 6
6 7 7 7 7
7 7 7 7 7
2 2 2 6 6
6 6 6 6 6
6 6 6 6 6
6 6 7 7 7
7 7 7 7 7
2 2 6 6 6
6 6 6 6 6
6 6 6 6 6
6 6 7 7 7
4 4 4 4 4
2 6 6 6 6
6 6 6 6 6
6 6 6 6 6
6 4 4 4 4
4 4 4 4 4
2 6 6 6 6
6 6 6 6 6
6 6 6 6 6
6 4 4 4 4
4 4 4 4 4
6 6 6 6 6
6 6 6 6 6
6 6 6 6 6
6 4 4 4 4
4 4 4 4 4
3 6 6 6 6
6 6 6 6 6
6 6 6 6 6
1 1 1 1 4
4 4 4 4 4
3 3 3 3 3
6 6 6 6 6
6 6 6 6 1
1 1 1 1 1
1 1 1 1 1
3 3 3 3 3
3 3 3 3 3
6 6 4 4 4
1 1 1 1 1
1 1 1 1 1
3 3 3 3 3
3 3 3 3 3
3 4 4 4 4
4 4 1 1 1
1 1 1 1 1
3 3 3 3 3
3 3 3 3 3
3 4 4 4 4
4 4 4 1 1
1 1 1 1 1
0 3 3 3 3
3 3 3 3 3
3 4 4 4 4
4 4 4 4 1
1 1 1 1 1
0 3 3 3 3
3 3 3 3 3
3 4 4 4 4
4 4 4 4 4
1 1 1 1 1
0 0 3 3 3
3 3 3 3 3
3 4 4 4 4
4 4 4 4 4
4 1 1 1 1
0 0 3 3 3
3 3 3 3 3
3 4 4 4 4
4 4 4 4 4
4 4 1 1 1
0 0 0 3 3
3 3 3 3 3
3 3 4 4 4
4 4 4 4 4
4 4 4 1 1
0 0 0 3 3
3 3 3 3 3
3 3 4 4 4
4 4 4 4 4
4 4 4 4 1
0 0 0 0 3
3 3 3 3 3
3 3 4 4 4
4 4 4 4 4
4 4 4 7 7
0 0 0 0 3
3 3 3 3 3
3 3 4 4 4
4 4 4 4 4
4 7 7 7 7
0 0 0 0 0
3 3 3 3 3
3 3 4 4 4
4 4 4 4 7
7 7 7 7 7
2 2 0 0 0
3 3 3 3 3
3 3 4 4 4
4 7 7 7 7
7 7 7 7 7
2 2 2 2 0
3 3 3 3 3
3 3 4 4 7
7 7 7 7 7
7 7 7 7 7
2 2 2 2 2
2 3 3 3 3
3 3 7 7 7
7 7 7 7 7
7 7 7 7 7
2 2 2 2 2
2 2 3 3 3
3 7 7 7 7
7 7 7 7 7
7 7 7 7 7
2 2 2 2 2
2 2 2 3 3
3 7 7 7 7
7 7 7 7 7
7 7 7 7 7
