9 9 9 9 9
9 9 9 9 9
9 9 9 9 9
9 9 9 9 9
9 9 9 9 9
9 9 9 9 9
9 9 9 8 8
9 9 9 9 9
9 9 9 9 9
9 9 9 9 9
9 9 9 9 9
9 9 9 9 8
8 8 9 9 9
9 9 9 9 9
9 9 9 9 9
9 9 9 9 9
9 9 9 9 9
8 8 8 8 9
9 9 9 9 9
9 9 9 1 1
9 9 9 9 9
9 9 9 9 9
8 8 8 8 8
8 9 9 9 9
1 1 1 1 1
9 9 9 9 9
9 9 9 9 9
9 8 8 8 8
8 8 1 1 1
1 1 1 1 1
9 9 9 9 9
9 9 9 9 9
9 9 8 8 8
1 1 1 1 1
1 1 1 1 1
9 9 9 9 9
9 9 9 9 9
9 9 8 1 1
1 1 1 1 1
1 1 1 1 1
9 9 9 9 9
9 9 9 9 9
9 9 1 1 1
1 1 1 1 1
1 1 1 1 1
3 3 3 3 9
9 9 9 9 9
9 1 1 1 1
1 1 1 1 1
1 1 1 1 1
3 3 3 3 3
3 3 3 9 9
1 1 1 1 1
1 1 1 1 1
1 1 1 1 1
3 3 3 3 3
3 3 3 3 3
1 1 1 1 1
1 1 1 1 1
1 1 1 1 1
3 3 3 3 3
3 3 3 3 3
3 1 1 1 1
1 1 1 1 1
1 1 1 1 1
3 3 3 3 3
3 3 3 3 3
3 1 1 1 1
1 1 1 1 1
1 1 1 1 1
3 3 3 3 3
3 3 3 3 3
3 3 1 1 1
1 1 1 1 1
1 1 1 1 1
3 3 3 3 3
3 3 3 3 3
3 3 6 6 6
6 6 6 6 6
6 6 6 6 6
3 3 3 3 3
3 3 3 3 3
2 2 6 6 6
6 6 6 6 6
6 6 6 6 6
3 3 3 3 3
3 3 3 2 2
2 2 6 6 6
6 6 6 6 6
6 6 6 6 6
3 3 3 3 3
3 2 2 2 2
2 2 6 6 6
6 6 6 6 6
6 6 6 6 6
3 3 3 3 2
2 2 2 2 2
2 2 6 6 6
6 6 6 6 6
6 6 6 6 6
3 3 2 2 2
2 2 2 2 2
2 2 6 6 6
6 6 6 6 6
6 6 6 6 6
2 2 2 2 2
2 2 2 2 2
2 2 6 6 6
6 6 6 6 6
6 6 6 6 6
2 2 2 2 2
2 2 2 2 2
2 2 6 6 6
6 6 6 6 6
6 6 6 6 6
2 2 2 2 2
2 2 2 2 2
2 2 6 6 6
6 6 6 6 6
6 6 6 6 6
2 2 2 2 2
2 2 2 2 2
2 2 6 6 6
6 6 6 6 6
6 6 6 6 6
2 2 2 2 2
2 2 2 2 2
2 2 6 6 6
6 6 6 6 6
6 5 5 5 5
2 2 2 2 2
2 2 2 2 2
2 2 6 6 6
6 5 5 5 5
5 5 5 5 5
8 8 8 8 8
8 8 8 8 8
8 8 5 5 5
5 5 5 5 5
5 5 5 5 4
8 8 8 8 8
8 8 8 8 8
8 8 5 5 5
5 5 5 5 5
5 5 5 5 4
1 8 8 8 8
8 8 8 8 8
8 8 5 5 5
5 5 5 5 5
5 5 5 4 4
1 1 8 8 8
8 8 8 8 8
8 8 8 5 5
5 5 5 5 5
5 5 5 4 4
1 1 8 8 8
8 8 8 8 8
8 8 8 5 5
5 5 5 5 5
5 5 4 4 4
1 1 1 8 8
8 8 8 8 8
8 8 8 5 5
5 5 5 5 5
5 5 4 4 4
1 1 1 8 8
8 8 8 8 8
8 8 8 5 5
5 5 5 5 5
5 4 4 4 4
1 1 1 1 8
8 8 8 8 8
8 8 8 5 5
5 5 5 5 5
5 4 4 4 4
1 1 1 1 4
8 8 8 8 8
8 8 8 5 5
5 5 5 5 5
4 4 4 4 4
1 1 1 1 4
8 8 8 8 8
8 8 8 8 5
5 5 5 5 4
4 4 4 4 4
1 1 1 4 4
4 8 8 8 8
8 8 8 8 5
5 5 5 5 4
4 4 4 4 4
1 1 1 4 4
4 4 8 8 8
8 8 8 8 5
1 1 1 1 1
7 7 7 7 7
1 1 1 4 4
4 4 4 8 8
8 8 8 1 1
1 1 1 1 1
1 7 7 7 7
1 1 4 4 4
4 4 4 4 8
8 8 8 1 1
1 1 1 1 1
1 7 7 7 7
1 1 4 4 4
4 4 4 4 4
8 8 1 1 1
1 1 1 1 1
1 1 7 7 7
1 4 4 4 4
4 4 4 4 4
4 8 1 1 1
1 1 1 1 1
1 1 7 7 7
1 4 4 4 4
4 4 4 4 4
4 7 7 7 7
7 7 1 1 1
1 1 1 7 7
4 4 4 4 4
4 4 4 4 4
7 7 7 7 7
7 7 7 7 7
7 7 7 7 7
4 4 4 4 4
4 4 4 4 4
7 7 7 7 7
7 7 7 7 7
7 7 7 7 7
4 4 4 4 4
4 4 4 4 4
7 7 7 7 7
7 7 7 7 7
7 7 7 7 7
4 4 4 4 4
4 4 4 4 7
7 7 7 7 7
7 7 7 7 7
7 7 7 7 7
4 4 4 4 4
4 4 4 4 7
7 7 7 7 7
7 7 7 7 7
7 7 7 7 7
4 4 4 4 4
4 4 4 7 7
7 7 7 7 7
7 7 7 7 7
7 7 7 7 7
