9 9 9 9 9
9 9 9 9 8
8 8 8 8 8
8 8 8 8 8
8 8 8 8 8
9 9 9 9 9
9 9 9 9 8
8 8 8 8 8
8 8 8 8 8
8 8 8 8 8
9 9 9 9 9
9 9 9 9 8
8 8 8 8 8
8 8 8 8 8
8 8 8 8 8
9 9 9 9 9
9 9 9 8 8
8 8 8 8 8
8 8 8 8 8
8 8 8 8 8
9 9 9 9 9
9 9 9 8 8
8 8 8 8 8
8 8 8 8 8
8 8 8 8 8
9 9 9 9 9
9 9 2 2 8
8 8 8 8 8
8 8 8 8 8
8 8 8 8 8
9 9 9 9 9
2 2 2 2 2
8 8 8 8 8
8 8 8 8 8
8 8 8 8 8
9 9 9 2 2
2 2 2 2 2
2 2 8 8 8
8 8 8 8 8
8 8 8 8 8
9 9 2 2 2
2 2 2 2 2
2 2 2 8 8
8 8 8 8 8
8 8 8 8 8
8 2 2 2 2
2 2 2 2 2
2 2 2 2 8
8 8 8 8 8
8 8 8 8 8
8 8 2 2 2
2 2 2 2 2
2 2 2 2 2
2 8 8 8 8
8 8 8 8 8
8 8 2 2 2
2 2 2 2 2
2 2 2 2 2
2 2 8 8 8
8 8 8 8 8
8 8 8 2 2
2 2 2 2 2
2 2 2 2 2
2 2 2 8 8
8 8 8 8 8
8 8 8 1 1
2 2 2 2 2
2 2 2 2 2
2 2 2 2 8
8 8 8 8 4
8 8 8 1 1
1 1 2 2 2
2 2 2 2 2
2 2 2 2 2
2 4 4 4 4
8 8 8 1 1
1 1 1 1 2
2 2 2 2 2
2 2 2 2 2
4 4 4 4 4
8 8 8 1 1
1 1 1 1 1
2 2 2 2 2
2 2 2 4 4
4 4 4 4 4
8 8 8 1 1
1 1 1 1 1
1 1 2 2 2
2 2 4 4 4
4 4 4 4 4
8 8 1 1 1
1 1 1 1 1
1 1 6 6 6
6 4 4 4 4
4 4 4 4 4
8 8 1 1 1
1 1 1 1 1
6 6 6 6 6
6 4 4 4 4
4 4 4 4 4
8 8 1 1 1
1 1 1 6 6
6 6 6 6 6
4 4 4 4 4
4 4 4 4 4
8 8 1 1 1
1 6 6 6 6
6 6 6 6 6
4 4 4 4 4
4 4 4 4 4
8 8 1 6 6
6 6 6 6 6
6 6 6 6 6
4 4 4 4 4
4 4 4 4 4
8 6 6 6 6
6 6 6 6 6
6 6 6 6 6
4 4 4 4 4
4 4 4 4 4
6 6 6 6 6
6 6 6 6 6
6 6 6 6 6
4 4 4 4 4
4 4 4 4 4
6 6 6 6 6
6 6 6 6 6
6 6 6 6 6
4 4 4 4 4
4 4 4 4 4
6 6 6 6 6
6 6 6 6 6
6 6 6 6 4
4 4 4 4 4
4 4 4 4 4
6 6 6 6 6
6 6 6 6 6
6 6 6 6 4
4 4 4 4 4
4 4 4 4 4
6 6 6 6 6
6 6 6 6 6
6 6 6 6 4
4 4 4 4 4
4 4 4 4 4
6 6 6 6 6
6 6 6 6 6
6 6 6 6 4
4 4 4 4 4
4 4 4 4 4
6 6 6 6 6
6 6 6 6 6
6 6 6 6 4
4 4 4 4 4
4 4 4 4 4
6 6 6 6 6
6 6 6 6 6
6 6 6 6 4
4 4 4 4 4
4 4 4 4 4
6 6 6 6 6
6 6 6 6 6
6 6 6 4 4
4 4 4 4 4
4 4 4 4 4
6 6 6 6 6
6 6 6 6 6
5 5 5 5 5
4 4 4 4 4
4 4 4 4 4
1 0 0 0 0
0 0 0 5 5
5 5 5 5 5
5 5 4 4 4
4 4 4 4 4
1 0 0 0 0
0 0 0 5 5
5 5 5 5 5
5 5 5 4 4
4 4 4 4 4
1 0 0 0 0
0 0 0 0 5
5 5 5 5 5
5 5 5 4 4
4 4 4 4 9
1 1 0 0 0
0 0 0 0 5
5 5 5 5 5
5 5 4 4 4
4 4 4 9 9
1 1 0 0 0
0 0 0 0 5
5 5 5 5 5
5 5 4 4 4
4 4 4 9 9
1 1 0 0 0
0 0 0 0 5
5 5 5 5 5
5 5 4 4 4
4 4 4 9 9
1 1 0 0 0
0 0 0 0 5
5 5 5 5 5
5 5 4 4 4
4 4 9 9 9
1 1 1 0 0
0 0 0 0 9
5 5 5 5 5
5 4 4 4 4
4 4 9 9 9
1 1 1 0 0
0 0 0 0 9
5 5 5 5 5
5 4 4 4 4
4 9 9 9 9
1 1 1 0 0
0 0 0 9 9
9 5 5 5 5
5 4 4 4 4
4 9 9 9 9
1 1 1 0 0
0 0 0 9 9
9 9 5 5 5
5 4 4 4 4
9 9 9 9 9
1 1 1 1 0
0 0 9 9 9
9 9 5 5 5
4 4 4 4 4
9 9 9 9 9
1 1 1 1 0
0 0 9 9 9
9 9 9 5 5
4 4 4 4 9
9 9 9 9 9
1 1 1 1 0
0 9 9 9 9
9 8 8 8 8
4 4 4 4 9
9 9 9 9 9
8 8 8 8 8
8 9 9 8 8
8 8 8 8 8
8 4 4 4 9
9 9 9 9 9
8 8 8 8 8
8 8 8 8 8
8 8 8 8 8
8 4 4 9 9
9 9 9 9 9
