3 3 3 3 3
3 3 3 3 3
3 3 3 3 3
3 3 3 3 3
3 7 7 7 7
3 3 3 3 3
3 3 3 3 3
3 3 3 3 3
3 3 3 3 3
7 7 7 7 7
3 3 3 3 3
3 3 3 3 3
3 3 3 3 3
3 3 3 3 7
7 7 7 7 7
3 3 3 3 3
3 3 3 3 3
3 3 3 3 3
3 3 3 7 7
7 7 7 7 7
3 3 3 3 3
3 3 3 3 3
3 3 3 3 3
3 3 7 7 7
7 7 7 7 7
3 3 3 3 3
3 3 3 3 3
3 3 3 3 3
3 7 7 7 7
7 7 7 7 7
3 3 3 3 3
3 3 3 3 3
3 3 3 3 3
7 7 7 7 7
7 7 7 7 7
3 3 3 3 3
3 3 3 3 3
3 3 3 4 7
7 7 7 7 7
7 7 7 7 7
3 3 3 3 3
3 3 3 3 3
3 4 4 7 7
7 7 7 7 7
7 7 7 7 7
9 9 9 9 3
3 6 6 6 6
6 4 4 7 7
7 7 7 7 7
7 7 7 7 7
9 9 9 9 9
9 6 6 6 6
6 4 4 7 7
7 7 7 7 7
7 7 7 7 7
9 9 9 9 9
9 9 6 6 6
4 4 4 7 7
7 7 7 7 7
7 7 7 7 7
3 9 9 9 9
9 9 9 6 6
4 4 4 7 7
7 7 7 7 7
7 7 7 7 7
3 3 9 9 9
9 9 9 6 6
4 4 4 7 7
7 7 7 7 7
7 7 7 7 7
3 3 3 3 9
9 9 9 9 6
4 4 4 7 7
7 7 7 7 7
7 7 7 7 7
3 3 3 3 3
9 9 9 9 9
4 4 4 7 7
7 7 7 7 7
7 7 7 7 7
3 3 3 3 3
3 3 9 9 9
4 4 1 7 7
7 7 7 7 7
7 7 7 7 7
3 3 3 3 3
3 3 3 9 1
1 1 1 1 1
1 1 1 1 7
7 7 7 7 7
3 3 3 3 3
3 3 3 3 1
1 1 1 1 1
1 1 1 1 1
1 1 1 1 7
3 3 3 3 3
3 3 3 1 1
1 1 1 1 1
1 1 1 1 1
1 1 1 1 1
3 3 3 3 3
3 3 3 1 1
1 1 1 1 1
1 1 1 1 1
1 1 1 1 9
3 3 3 3 3
3 3 3 1 1
1 1 1 1 1
1 1 1 1 1
1 1 1 9 9
3 3 3 3 3
3 3 3 1 1
1 1 1 1 1
1 1 1 1 1
1 9 9 9 9
3 3 3 3 3
3 3 3 1 1
1 1 1 1 1
1 1 1 1 1
9 9 9 9 9
3 3 3 3 3
3 3 1 1 1
1 1 1 1 1
1 1 1 1 9
9 9 9 9 9
3 3 3 3 3
3 3 1 1 1
1 1 1 1 1
1 1 1 9 9
9 9 9 9 9
3 3 8 8 8
8 8 8 8 1
1 1 1 1 1
1 9 9 9 9
9 9 9 9 9
8 8 8 8 8
8 8 8 8 8
5 5 5 5 5
9 9 9 9 9
9 9 9 9 9
8 8 8 8 8
8 8 8 8 8
5 5 5 5 5
5 9 9 9 9
9 9 9 9 9
8 8 8 8 8
8 8 8 8 8
5 5 5 5 5
5 9 9 9 9
9 9 9 9 9
8 8 8 8 8
8 8 8 8 8
5 5 5 5 5
5 9 9 9 9
9 9 9 9 9
8 8 8 8 8
8 8 8 8 8
5 5 5 5 5
5 5 9 9 9
9 9 9 9 9
8 8 8 8 8
8 8 8 8 8
5 5 5 5 5
5 5 9 9 9
9 9 9 9 9
8 8 8 8 8
8 8 8 8 8
5 5 5 5 5
5 5 9 9 9
9 9 9 6 6
8 8 8 8 8
8 8 8 8 5
5 5 5 5 5
5 5 5 9 9
9 6 6 6 6
8 8 8 8 8
8 8 8 8 5
5 5 5 5 5
5 5 5 9 9
6 6 6 6 6
8 8 8 8 8
8 8 8 8 5
5 5 5 5 5
5 5 4 4 4
6 6 6 6 6
8 8 8 8 8
8 8 8 8 5
5 5 5 5 5
5 4 4 4 4
4 4 6 6 6
8 8 8 8 8
8 8 8 8 1
1 1 1 1 1
4 4 4 4 4
4 4 4 6 6
8 8 8 8 8
8 8 8 1 1
1 1 1 1 1
4 4 4 4 4
4 4 4 4 4
8 8 8 8 8
8 1 1 1 1
1 1 1 1 1
4 4 4 4 4
4 4 4 4 4
8 8 8 8 8
1 1 1 1 1
1 1 1 1 1
5 4 4 4 4
4 4 4 4 4
8 8 8 1 1
1 1 1 1 1
1 1 1 1 5
5 4 4 4 4
4 4 4 4 4
8 8 1 1 1
1 1 1 1 1
1 1 5 5 5
5 5 4 4 4
4 4 4 4 4
8 1 1 1 1
1 1 1 1 1
1 5 5 5 5
5 5 4 4 4
4 4 4 4 4
1 1 1 1 1
1 1 1 1 1
5 5 5 5 5
5 5 5 4 4
4 4 4 4 4
1 1 1 1 1
1 1 1 5 5
5 5 5 5 5
5 5 5 4 4
4 4 4 4 4
1 1 1 1 1
1 1 5 5 5
5 5 5 5 5
5 5 5 5 4
4 4 4 4 4
1 1 1 1 1
5 5 5 5 5
5 5 5 5 5
5 5 5 5 4
4 4 4 4 4
1 1 1 1 5
5 5 5 5 5
5 5 5 5 5
5 5 5 5 5
4 4 4 4 4
