9 9 9 9 9
9 9 9 8 9
9 9 9 9 9
9 9 9 9 9
9 9 9 9 4
9 9 9 9 9
9 9 8 8 9
9 9 9 9 9
9 9 9 9 9
9 9 9 4 4
9 9 9 9 9
9 8 8 8 8
9 9 9 9 9
9 9 9 9 9
9 9 4 4 4
9 9 9 9 9
8 8 8 8 8
9 9 9 9 9
9 9 9 9 9
9 4 4 4 4
9 9 9 9 8
8 8 8 8 8
8 9 9 9 9
9 9 9 9 9
4 4 4 4 4
9 9 9 8 8
8 8 8 8 8
8 9 9 9 9
9 9 9 9 4
4 4 4 4 4
9 9 8 8 8
8 8 8 8 8
8 8 9 9 9
9 9 9 4 4
4 4 4 4 4
9 9 8 8 8
8 8 8 8 8
3 3 3 9 9
9 9 9 4 4
4 4 4 4 4
9 8 8 8 8
8 8 8 3 3
3 3 3 3 3
9 9 4 4 4
4 4 4 4 4
8 8 8 8 8
8 3 3 3 3
3 3 3 3 3
3 3 4 4 4
4 4 4 4 4
8 8 8 8 3
3 3 3 3 3
3 3 3 3 3
3 3 4 4 4
4 4 4 4 4
8 8 3 3 3
3 3 3 3 3
3 3 3 3 3
3 3 3 4 4
4 4 4 4 4
8 3 3 3 3
3 3 3 3 3
3 3 3 3 3
3 3 3 3 4
4 4 4 4 4
3 3 3 3 3
3 3 3 3 3
3 3 3 3 3
3 3 3 3 4
4 4 4 4 9
7 3 3 3 3
3 3 3 3 3
3 3 3 3 3
3 3 3 3 4
9 9 9 9 9
7 7 7 7 3
3 3 3 3 3
3 3 3 3 3
3 3 3 3 9
9 9 9 9 9
7 7 7 7 7
7 3 3 3 3
3 3 3 3 3
3 3 3 3 9
9 9 9 9 9
7 7 7 7 7
7 7 3 3 3
3 3 3 3 3
3 3 3 3 9
9 9 9 9 9
7 7 7 7 7
7 7 7 7 3
3 3 3 3 3
3 3 0 0 0
9 9 9 9 9
7 7 7 7 7
7 7 7 7 2
2 2 2 2 2
3 0 0 0 0
0 0 9 9 9
7 7 7 7 7
7 7 7 7 2
2 2 2 2 2
2 0 0 0 0
0 0 0 1 1
7 7 7 7 7
7 7 7 8 2
2 2 2 2 2
2 0 0 0 0
0 0 1 1 1
7 7 7 7 7
7 7 7 8 2
2 2 2 2 2
2 0 0 0 0
0 0 1 1 1
7 7 7 7 7
7 7 7 8 8
2 2 2 2 2
2 0 0 0 0
0 0 1 1 1
7 7 7 7 7
7 7 8 8 8
8 2 2 2 2
2 2 0 0 0
0 0 1 1 1
7 7 7 7 7
7 7 8 8 8
8 2 2 2 2
2 2 0 0 0
0 0 1 1 1
7 7 7 7 7
7 7 8 8 8
8 8 2 2 2
2 2 0 0 0
0 1 1 1 1
7 7 7 7 7
7 8 8 8 8
8 8 2 2 2
2 2 0 0 0
0 1 1 1 1
7 7 7 7 7
7 8 8 8 8
8 8 8 2 2
2 2 0 0 0
0 1 1 1 1
7 7 7 7 7
8 8 8 8 8
8 8 8 2 2
2 2 0 0 0
0 1 1 1 1
6 6 6 7 7
8 8 8 8 8
8 8 8 8 2
2 2 2 0 0
0 1 1 1 1
6 6 6 6 6
8 8 8 8 8
8 8 8 8 2
2 2 2 0 0
0 1 1 1 1
6 6 6 6 6
6 8 8 8 8
8 8 8 8 8
2 2 2 0 0
1 1 1 1 1
6 6 6 6 6
6 6 8 8 8
8 8 8 8 8
2 2 2 0 0
1 1 1 1 1
6 6 6 6 6
6 6 6 8 8
8 8 8 8 8
8 2 2 0 0
1 1 1 1 1
6 6 6 6 6
6 6 6 6 8
8 8 8 8 8
8 2 2 0 0
1 1 1 1 1
6 6 6 6 6
6 6 6 6 6
8 8 8 8 8
8 8 2 2 0
1 1 1 1 1
6 6 6 6 6
6 6 6 6 6
6 8 8 8 8
8 8 2 2 0
1 1 1 1 1
6 6 6 6 6
6 6 6 6 6
6 6 8 8 8
8 8 8 2 1
1 1 1 1 1
6 6 6 6 6
6 6 6 6 6
6 6 6 8 8
8 8 8 2 1
1 1 1 1 1
6 6 6 6 6
6 6 6 6 6
6 6 6 6 8
8 8 8 8 1
1 1 1 1 1
6 6 6 6 6
6 6 6 6 6
6 6 6 6 6
8 8 8 8 1
1 1 1 1 1
6 6 6 6 6
6 6 6 6 6
6 6 6 6 6
6 8 8 8 1
1 1 1 1 1
6 6 6 6 6
6 6 6 6 6
6 6 6 6 6
6 6 8 8 8
1 1 1 1 1
6 6 6 6 6
6 6 6 6 6
6 6 6 6 6
6 6 6 8 8
1 1 1 1 1
6 6 6 6 6
6 6 6 6 6
6 6 6 6 6
6 6 6 6 8
1 1 1 1 1
6 6 6 6 6
6 6 6 6 6
6 6 6 6 6
6 6 6 6 6
1 1 1 1 1
6 6 6 6 6
6 6 6 6 6
6 6 6 6 6
6 6 6 6 6
6 1 1 1 1
6 6 6 6 6
6 6 6 6 6
6 6 6 6 6
6 6 6 6 6
6 1 1 1 1
6 6 6 6 6
6 6 6 6 6
6 6 6 6 6
6 6 6 6 6
6 6 1 1 1
