8 8 8 8 8
8 8 8 8 8
8 8 9 9 9
9 3 3 7 7
7 7 7 7 7
8 8 8 8 8
8 8 8 8 8
8 9 9 9 9
9 9 3 3 3
7 7 7 7 7
8 8 8 8 8
8 8 8 8 8
9 9 9 9 9
9 9 3 3 3
3 3 3 7 7
8 8 8 8 8
8 8 8 8 8
9 9 9 9 9
9 9 9 3 3
3 3 3 3 3
8 8 8 8 8
8 8 8 0 9
9 9 9 9 9
9 9 9 3 3
3 3 3 3 3
8 0 0 0 0
0 0 0 0 9
9 9 9 9 9
9 9 9 9 3
3 3 3 3 3
0 0 0 0 0
0 0 0 0 9
9 9 9 9 9
9 9 9 9 9
3 3 3 3 3
0 0 0 0 0
0 0 0 0 9
9 9 9 9 9
9 9 9 9 3
3 3 3 3 3
0 0 0 0 0
0 0 0 0 9
9 9 9 9 9
9 9 9 9 3
3 3 3 3 3
0 0 0 0 0
0 0 0 7 7
9 9 9 9 9
9 9 9 3 3
3 3 3 3 3
0 0 0 0 0
0 0 0 7 7
9 9 9 9 9
9 9 9 3 3
3 3 3 3 3
0 0 0 0 0
0 0 7 7 7
9 9 9 9 9
9 9 3 3 3
3 3 3 3 3
0 0 0 0 0
0 7 7 7 7
9 9 9 9 9
9 0 3 3 3
3 3 3 3 3
0 0 0 0 0
0 7 7 7 7
9 9 9 9 9
0 0 0 3 3
3 3 3 3 3
0 0 0 0 0
7 7 7 7 7
7 9 9 9 0
0 0 0 0 3
3 3 3 3 3
0 0 0 0 0
7 7 7 7 7
7 9 9 0 0
0 0 7 7 3
3 3 3 3 3
0 0 0 0 7
7 7 7 7 7
7 9 0 0 0
0 7 7 7 7
3 3 3 3 3
0 0 0 0 7
7 7 7 7 7
7 0 0 0 0
7 7 7 7 7
7 9 9 9 9
0 0 0 7 7
7 7 7 7 7
7 0 0 0 7
7 7 7 7 7
9 9 9 9 9
0 0 7 7 7
7 7 7 7 7
7 0 0 7 7
7 7 7 7 9
9 9 9 9 9
7 7 7 7 7
7 7 7 7 7
7 7 7 7 7
7 7 7 9 9
9 9 9 9 9
7 7 7 7 7
7 7 7 7 7
7 7 7 7 7
7 9 9 9 9
9 9 9 9 9
7 7 7 7 7
7 7 7 7 7
7 7 7 7 7
9 9 9 9 9
9 9 9 9 9
7 7 7 7 7
7 7 7 7 7
7 7 7 7 7
9 9 9 9 9
9 9 9 9 9
7 7 7 7 7
7 7 7 7 7
7 7 7 7 7
9 9 9 9 9
9 9 9 9 9
7 7 7 7 7
7 7 7 7 7
7 7 7 7 7
7 9 9 9 9
9 9 9 9 9
7 7 7 7 7
7 7 7 7 7
7 7 7 7 7
7 9 9 9 9
9 9 9 9 9
7 7 7 7 7
7 7 7 7 7
7 7 7 7 7
7 9 9 9 9
9 9 9 9 9
7 7 7 7 7
7 7 7 7 7
7 7 7 7 7
7 4 4 4 4
4 4 4 4 4
7 7 7 7 7
7 7 7 7 7
7 7 7 7 7
4 4 4 4 4
4 4 4 4 4
7 7 7 7 7
7 7 7 7 7
7 7 7 7 4
4 4 4 4 4
4 4 4 4 4
7 7 7 7 7
7 7 7 7 7
7 7 7 7 4
4 4 4 4 4
4 4 4 4 4
7 7 7 7 7
7 7 7 7 7
7 7 7 4 4
4 4 4 4 4
4 4 4 4 4
7 7 7 7 7
7 7 7 7 7
7 7 4 4 4
4 4 4 4 4
4 4 4 4 4
7 7 7 7 7
7 7 7 7 7
7 4 4 4 4
4 4 4 4 4
4 4 4 4 4
7 7 7 7 7
7 7 7 7 7
7 4 4 4 4
4 4 4 4 4
4 4 4 4 4
7 7 7 7 7
7 7 7 7 7
4 4 4 4 4
4 4 4 4 4
4 4 4 4 4
7 7 7 7 7
7 7 7 7 4
4 4 4 4 4
4 4 4 4 4
4 4 4 4 4
7 7 7 7 7
7 7 7 4 4
4 4 4 4 4
4 4 4 4 4
4 4 4 4 4
7 7 7 7 7
7 7 7 4 4
4 4 4 4 4
4 4 4 4 4
2 2 2 2 2
7 7 7 7 7
7 7 4 4 4
4 4 2 2 2
2 2 2 2 2
2 2 2 2 2
7 7 7 7 7
7 2 2 2 2
2 2 2 2 2
2 2 2 2 2
2 2 2 2 2
7 7 7 7 2
2 2 2 2 2
2 2 2 2 2
2 2 2 2 2
2 2 2 2 2
7 7 7 2 2
2 2 2 2 2
2 2 2 2 2
2 2 2 2 2
2 2 2 2 2
7 2 2 2 2
2 2 2 2 2
2 2 2 2 2
2 2 2 2 2
2 2 2 2 2
2 2 2 2 2
2 2 2 2 2
2 2 2 2 2
2 2 2 2 2
2 2 2 2 2
2 2 2 2 2
2 2 2 2 2
2 2 2 2 2
2 2 2 2 2
2 2 2 2 2
2 2 2 2 2
2 2 2 2 2
2 2 2 2 2
2 2 2 2 2
2 2 2 2 2
2 2 2 2 2
2 2 2 2 2
2 2 2 2 2
2 2 2 2 2
2 2 2 2 2
2 2 2 2 2
2 2 2 2 2
2 2 2 2 2
2 2 2 2 2
2 2 2 2 2
