7 7 7 7 7
7 7 7 7 7
7 8 8 8 8
8 8 8 8 8
8 8 8 8 8
7 7 7 7 7
7 7 7 7 7
7 8 8 8 8
8 8 8 8 8
8 8 8 8 8
7 7 7 7 7
7 7 7 7 7
7 7 8 8 8
8 8 8 8 8
8 8 8 8 8
7 7 7 7 7
7 7 7 7 7
7 7 8 8 8
8 8 8 8 8
8 8 8 8 8
7 7 7 7 7
7 7 7 7 7
7 7 8 8 8
8 8 8 8 8
8 8 8 8 8
7 7 7 7 7
7 7 7 7 7
7 7 7 8 8
8 8 8 8 8
8 8 8 8 8
7 7 7 7 7
7 7 7 7 7
7 7 7 8 8
8 8 8 8 8
8 8 8 8 8
7 7 7 7 7
7 7 7 7 7
7 7 7 9 8
8 8 8 8 8
8 8 8 8 8
7 7 7 7 7
7 7 7 7 7
7 9 9 9 9
9 8 8 8 8
8 8 8 8 8
7 7 7 7 7
7 7 7 7 7
9 9 9 9 9
9 9 3 3 8
8 8 8 8 8
7 7 7 7 7
7 7 7 9 9
9 9 9 9 9
9 3 3 3 3
3 3 3 5 5
7 7 7 7 7
7 7 9 9 9
9 9 9 9 9
9 3 3 3 3
3 3 3 5 5
7 7 7 7 7
9 9 9 9 9
9 9 9 9 9
9 3 3 3 3
3 3 3 5 5
7 7 7 9 9
9 9 9 9 9
9 9 9 9 9
3 3 3 3 3
3 3 5 5 5
7 7 9 9 9
9 9 9 9 9
9 9 9 9 9
3 3 3 3 3
3 3 5 5 5
9 9 9 9 9
9 9 9 9 9
9 9 9 9 3
3 3 3 3 3
3 3 5 5 5
9 9 9 9 9
9 9 9 9 9
9 9 9 9 3
3 3 3 3 3
3 3 5 5 5
9 9 9 9 9
9 9 9 9 9
9 9 9 3 3
3 3 3 3 3
3 5 5 5 5
9 9 9 9 9
9 9 9 9 9
9 9 9 3 3
3 3 3 3 3
3 5 5 5 5
9 9 9 9 9
9 9 9 9 9
9 9 9 3 3
3 3 3 3 3
3 5 5 5 5
9 9 9 9 9
9 9 9 9 9
9 9 3 3 3
3 3 3 3 3
3 5 5 5 5
9 9 9 9 9
9 9 9 9 9
9 9 3 3 3
3 3 3 3 3
1 1 1 5 5
5 5 5 5 5
5 9 9 9 9
9 3 3 3 3
3 3 3 3 1
1 1 1 1 1
5 5 5 5 5
5 5 5 5 5
5 3 3 3 3
3 3 3 1 1
1 1 1 1 1
5 5 5 5 5
5 5 5 5 5
5 5 3 3 3
3 3 1 1 1
1 1 1 1 1
5 5 5 5 5
5 5 5 5 5
5 5 5 3 3
3 1 1 1 1
1 1 1 1 1
5 5 5 5 5
5 5 5 5 5
5 5 5 5 0
0 0 1 1 1
1 1 1 1 1
5 5 5 5 5
5 5 5 5 5
5 5 5 5 2
0 0 0 0 0
0 0 0 0 0
5 5 5 5 5
5 5 5 5 5
5 5 5 5 2
0 0 0 0 0
0 0 0 0 0
5 5 5 5 5
5 5 5 5 5
5 5 5 2 2
2 0 0 0 0
0 0 0 0 0
5 5 5 5 5
5 5 5 5 5
5 5 5 2 2
2 2 0 0 0
0 0 0 0 0
5 5 5 5 5
5 5 5 5 5
5 5 2 2 2
2 2 2 0 0
0 0 0 0 0
5 5 5 5 5
5 5 5 5 5
5 5 2 2 2
2 2 2 2 0
0 0 0 0 0
5 5 5 5 5
5 5 5 5 5
5 2 2 2 2
2 2 2 2 2
0 0 0 0 0
5 5 5 5 5
5 5 5 5 5
5 2 2 2 2
2 2 2 2 2
2 0 0 0 0
5 5 5 5 4
4 5 5 5 5
7 7 2 2 2
2 2 2 2 2
2 2 0 0 0
5 5 5 4 4
4 4 4 5 7
7 7 7 2 2
2 2 2 2 2
2 2 0 0 0
5 5 4 4 4
4 4 4 9 7
7 7 7 7 2
2 2 2 2 2
2 2 2 0 0
5 4 4 4 4
4 4 9 9 9
7 7 7 7 7
7 2 2 2 2
2 2 2 2 0
4 4 4 4 4
4 4 9 9 9
7 7 7 7 7
7 7 2 2 2
2 2 2 2 2
4 4 4 4 4
4 9 9 9 9
9 7 7 7 7
7 7 7 2 2
2 2 2 2 2
4 4 4 4 4
4 9 9 9 9
9 9 7 7 7
7 2 2 2 2
2 2 2 2 2
4 4 4 4 4
9 9 9 9 9
9 9 7 7 7
2 2 2 2 2
2 2 2 2 2
4 4 4 4 4
9 9 9 9 9
9 9 9 2 2
2 2 2 2 2
2 2 2 2 2
4 4 4 4 9
9 9 9 9 9
9 9 9 2 2
2 2 2 2 2
2 2 2 2 2
4 4 4 4 9
9 9 9 9 9
0 0 0 2 2
2 2 2 2 2
2 2 2 2 2
4 4 4 9 9
9 0 0 0 0
0 0 0 0 2
2 2 2 2 2
2 2 2 2 2
4 4 0 0 0
0 0 0 0 0
0 0 0 0 2
2 2 2 2 2
2 2 2 2 2
4 0 0 0 0
0 0 0 0 0
0 0 0 0 0
2 2 2 2 2
2 2 2 2 2
0 0 0 0 0
0 0 0 0 0
0 0 0 0 0
0 2 2 2 2
2 2 2 2 2
