2 2 2 2 2
2 2 2 2 2
2 2 2 6 6
6 6 6 6 6
6 6 6 6 6
1 2 2 2 2
2 2 2 2 2
2 2 2 6 6
6 6 6 6 6
6 6 6 6 6
1 1 2 2 2
2 2 2 2 2
2 2 2 6 6
6 6 6 6 6
6 6 6 6 6
1 1 1 2 2
2 2 2 2 2
2 2 2 6 6
6 6 6 6 6
6 6 6 6 6
1 1 1 1 2
2 2 2 2 2
2 2 2 6 6
6 6 6 6 6
6 6 6 6 6
1 1 1 1 1
1 2 2 2 2
2 2 2 6 6
6 6 6 6 6
6 6 6 6 6
1 1 1 1 1
9 9 9 9 9
9 9 9 6 6
6 6 6 6 6
6 6 6 6 6
1 1 1 1 9
9 9 9 9 9
9 9 9 6 6
6 6 6 6 6
6 6 6 6 6
1 1 1 5 9
9 9 9 9 9
9 9 9 9 6
6 6 6 6 6
6 6 6 6 6
1 1 5 5 9
9 9 9 9 9
9 9 9 9 6
6 6 6 6 6
6 6 6 6 6
1 5 5 5 5
9 9 9 9 9
9 9 9 9 9
5 5 5 5 5
5 5 5 5 5
5 5 5 5 5
9 9 9 9 9
9 9 9 9 5
5 5 5 5 5
5 5 5 5 5
5 5 5 5 5
5 9 9 9 9
9 9 9 9 5
5 5 5 5 5
5 5 5 5 5
5 5 5 5 5
5 9 9 9 9
9 9 9 5 5
5 5 5 5 5
5 5 5 5 5
5 5 5 5 5
5 5 9 9 9
9 9 9 5 5
5 5 5 5 5
5 5 5 5 5
5 5 5 5 5
5 5 9 9 9
9 9 5 5 5
5 5 5 5 5
5 5 5 5 5
5 5 5 5 5
5 5 5 9 9
9 9 5 5 5
5 5 5 5 5
5 5 5 5 5
5 5 5 5 5
5 5 5 8 8
8 8 5 5 5
5 5 5 5 5
5 5 5 5 5
5 5 5 5 5
8 8 8 8 8
8 8 8 5 5
5 5 5 5 5
5 5 5 5 4
5 8 8 8 8
8 8 8 8 8
8 8 8 5 5
5 5 5 5 5
5 5 5 4 4
8 8 8 8 8
8 8 8 8 8
8 8 8 8 5
5 5 5 5 5
5 5 4 4 4
8 8 8 8 8
8 8 8 8 8
8 8 8 8 8
5 5 5 5 5
4 4 4 4 4
8 8 8 8 8
8 8 8 8 8
8 8 8 8 8
5 5 5 5 4
4 4 4 4 4
8 8 8 8 8
8 8 8 8 8
8 8 8 8 8
8 5 5 4 4
4 4 4 4 4
8 8 8 8 8
8 8 8 8 8
8 8 8 8 8
8 5 5 5 5
5 5 5 5 5
8 8 8 8 8
8 8 8 8 8
8 8 8 8 8
8 8 8 5 5
5 5 5 5 5
8 8 8 8 8
8 8 8 8 8
8 8 8 8 8
8 8 8 8 8
5 5 5 5 5
8 8 8 8 8
8 8 8 8 8
8 8 8 8 8
8 8 8 8 8
8 5 5 5 5
8 8 8 8 8
8 8 8 8 8
8 8 8 8 8
8 8 8 8 8
8 8 8 5 5
8 8 8 8 8
8 8 8 8 8
8 8 8 8 8
8 8 8 8 8
8 8 8 8 5
2 2 2 2 2
2 2 2 2 2
2 9 9 9 8
8 8 8 8 8
8 8 8 8 8
2 2 2 2 2
2 2 2 2 2
2 9 9 9 8
8 8 8 8 8
8 8 8 8 8
2 2 2 2 2
2 2 2 2 2
9 9 9 9 9
8 8 8 8 8
8 8 8 8 8
2 2 2 2 2
2 2 2 2 2
9 9 9 9 9
9 8 8 8 8
8 8 8 8 8
2 2 2 2 2
2 2 2 2 2
9 9 9 9 9
9 8 8 8 8
8 8 0 0 0
2 2 2 2 2
2 2 2 2 9
9 9 9 9 9
9 9 8 0 0
0 0 0 0 0
1 2 2 2 2
2 2 2 2 9
9 9 9 9 9
9 9 0 0 0
0 0 0 0 0
1 1 2 2 2
2 2 2 2 9
9 9 9 9 9
9 0 0 0 0
0 0 0 0 0
1 1 1 2 2
2 2 2 2 9
9 9 9 9 9
9 0 0 0 0
0 0 0 0 0
1 1 1 1 2
2 2 3 3 3
3 9 9 9 9
9 0 0 0 0
0 0 0 0 0
1 1 1 1 3
3 3 3 3 3
3 3 3 3 3
3 0 0 0 0
0 0 0 0 0
1 1 1 1 3
3 3 3 3 3
3 3 3 3 3
3 0 0 0 0
0 0 0 0 0
1 1 1 1 1
3 3 3 3 3
3 3 3 3 3
3 3 0 0 0
0 0 0 0 0
1 1 1 1 1
3 3 3 3 3
3 3 3 3 3
3 3 0 0 0
0 0 0 0 0
1 1 1 1 1
3 3 3 3 3
3 3 3 3 3
3 3 0 0 0
0 0 0 0 0
1 1 1 1 1
3 3 3 3 3
3 3 3 3 3
3 3 0 0 0
0 0 0 0 0
1 1 1 1 1
3 3 3 3 3
3 3 3 3 3
3 3 0 0 0
0 0 0 0 0
1 1 1 1 1
3 3 3 3 3
3 3 3 3 3
3 3 3 0 0
0 0 0 0 0
1 1 1 1 1
3 3 3 3 3
3 3 3 3 3
3 3 3 0 0
0 0 0 0 0
1 1 1 1 1
1 3 3 3 3
3 3 3 3 3
3 3 3 0 0
0 0 0 0 0
