2 2 2 2 2
2 2 2 2 2
2 2 2 2 2
2 2 2 2 2
2 2 2 2 2
2 2 2 2 2
2 2 2 2 2
2 2 2 2 2
2 2 2 2 2
2 2 2 2 4
2 2 2 2 2
2 2 2 2 2
2 2 2 2 2
2 2 2 2 2
2 2 2 4 4
2 2 2 2 2
2 2 2 2 2
2 2 2 2 2
2 2 2 2 2
2 2 4 4 4
2 2 2 2 2
2 2 2 2 2
2 2 2 2 2
2 2 2 2 2
2 4 4 4 4
2 2 2 2 2
2 2 2 2 2
2 2 2 2 2
2 2 2 2 2
4 4 4 4 4
2 2 7 7 2
2 2 2 2 2
2 2 2 2 2
2 2 2 2 4
4 4 4 4 4
7 7 7 7 7
2 2 2 2 2
2 2 2 2 2
2 2 2 4 4
4 4 4 4 4
7 7 7 7 7
7 7 2 2 2
2 2 2 2 2
2 2 4 4 4
4 4 4 4 4
7 7 7 7 7
7 7 7 2 2
2 2 2 2 2
2 4 4 4 4
4 4 4 4 4
7 7 7 7 7
7 7 7 7 7
7 7 7 7 7
4 4 4 4 4
4 4 4 4 4
7 7 7 7 7
7 7 7 7 7
7 7 7 7 9
4 4 4 4 4
4 4 4 4 4
7 7 7 7 7
7 7 7 7 7
7 7 9 9 9
4 4 4 4 4
4 4 4 4 4
7 7 7 7 7
7 7 7 7 7
9 9 9 9 4
4 4 4 4 4
4 4 4 4 4
7 7 7 7 7
7 7 7 7 9
9 9 9 9 4
4 4 4 4 4
4 4 4 4 4
4 7 7 7 7
7 7 9 9 9
9 9 9 9 4
4 4 4 4 4
4 4 4 4 4
4 4 4 7 7
9 9 9 9 9
9 9 9 9 4
4 4 4 4 4
4 4 4 4 4
4 4 4 4 4
9 9 9 9 9
9 9 9 9 4
4 4 4 4 4
4 4 4 4 4
4 4 4 4 4
4 9 9 9 9
9 9 9 9 4
4 4 4 4 4
4 4 4 4 4
4 4 4 4 4
4 9 9 9 9
9 9 9 9 4
4 4 4 4 4
4 4 4 6 6
4 4 4 4 4
4 4 9 9 9
9 9 9 4 4
4 4 4 4 4
6 6 6 6 6
4 4 4 4 4
4 4 4 9 9
9 9 9 4 4
4 4 4 6 6
6 6 6 6 6
4 4 4 4 4
4 4 4 4 9
9 9 9 4 4
4 6 6 6 6
6 6 6 6 6
4 4 4 4 4
4 4 4 4 9
9 9 9 6 6
6 6 6 6 6
6 6 6 6 6
4 4 4 4 4
4 4 4 4 4
6 6 6 6 6
6 6 6 6 6
6 6 6 6 6
4 4 4 4 4
4 4 4 4 6
6 6 6 6 6
6 6 6 6 6
6 6 6 6 6
4 4 4 4 4
4 4 4 6 6
6 6 6 6 6
6 6 6 6 6
6 6 6 6 6
5 5 5 5 5
5 5 6 6 6
6 6 6 6 6
6 6 6 6 6
6 6 6 6 6
5 5 5 5 5
5 5 6 6 6
6 6 6 6 6
6 6 9 6 6
6 6 6 6 6
5 5 5 5 5
5 5 6 6 6
6 6 6 6 6
6 9 9 9 6
6 6 6 6 6
5 5 5 5 5
5 5 6 6 6
6 6 6 6 6
9 9 9 9 9
6 6 6 6 6
5 5 5 5 5
5 5 6 6 6
6 6 6 6 9
9 9 9 9 9
9 6 6 6 6
4 5 5 5 5
5 5 6 6 6
6 6 6 9 9
9 9 9 9 9
9 9 9 6 6
4 4 5 5 5
5 5 5 6 6
6 6 9 9 9
9 9 9 9 9
9 9 9 9 6
4 4 4 5 5
5 5 5 6 6
6 9 9 9 9
9 9 9 9 9
9 9 9 9 9
4 4 4 4 5
5 5 5 6 6
9 9 9 9 9
9 9 9 9 9
9 9 9 9 9
4 4 4 4 4
5 5 5 6 9
9 9 9 9 9
9 9 9 9 9
9 9 9 9 1
4 4 4 4 4
8 8 8 9 9
9 9 9 9 9
9 9 9 9 9
1 1 1 1 1
4 4 8 8 8
8 8 8 8 9
9 9 9 9 9
1 1 1 1 1
1 1 1 1 1
8 8 8 8 8
8 8 8 8 8
9 1 1 1 1
1 1 1 1 1
1 1 1 1 1
8 8 8 8 8
8 8 8 8 8
1 1 1 1 1
1 1 1 1 1
1 1 1 1 1
8 8 8 8 8
8 8 8 8 8
1 1 1 1 1
1 1 1 1 1
1 1 1 1 1
8 8 8 8 8
8 8 8 8 8
1 1 1 1 1
1 1 1 1 1
1 1 1 1 1
8 8 8 8 8
8 8 8 8 7
1 1 1 1 1
1 1 1 1 1
1 1 1 1 1
8 8 8 8 8
8 8 7 7 7
7 1 1 1 1
1 1 1 1 1
1 1 1 1 1
8 8 8 8 8
7 7 7 7 7
7 1 1 1 1
1 1 1 1 1
1 1 1 1 1
8 8 8 8 7
7 7 7 7 7
7 7 1 1 1
1 1 1 1 1
1 1 1 1 1
8 8 7 7 7
7 7 7 7 7
7 7 1 1 1
1 1 1 1 1
1 1 1 1 1
8 7 7 7 7
7 7 7 7 7
7 7 7 1 1
1 1 1 1 1
1 1 1 1 1
7 7 7 7 7
7 7 7 7 7
7 7 7 1 1
1 1 1 1 1
1 1 1 1 1
