5 5 5 5 4
4 4 4 4 0
0 0 0 0 0
0 0 0 0 0
0 1 1 1 1
5 5 5 5 5
4 4 4 4 4
0 0 0 0 0
0 0 0 0 0
0 1 1 1 1
5 5 5 5 5
4 4 4 4 4
4 4 0 0 0
0 0 0 8 8
8 1 1 1 1
5 5 5 5 5
5 4 4 4 4
4 4 4 4 8
8 8 8 8 8
8 1 1 1 1
5 5 5 5 5
5 5 4 4 4
4 4 4 4 4
8 8 8 8 8
8 1 1 1 1
5 5 5 5 5
5 5 4 4 4
4 4 4 4 4
4 8 8 8 8
8 8 1 1 1
5 5 5 5 5
5 5 5 4 4
4 4 4 4 4
4 8 8 8 8
8 8 1 1 1
5 5 5 5 5
5 5 5 5 4
4 4 4 4 4
4 4 8 8 8
8 8 8 1 1
5 5 5 5 5
5 5 5 5 5
4 4 4 4 4
4 4 4 8 8
8 8 8 1 1
5 5 5 5 5
5 5 5 5 5
4 4 4 4 4
4 4 4 4 8
8 8 8 1 1
5 5 5 5 5
5 5 5 5 5
5 4 4 4 4
4 4 4 4 8
8 8 8 8 1
5 5 5 5 5
5 5 5 5 5
5 5 4 4 4
4 4 3 3 3
3 8 8 8 1
5 5 5 5 5
5 5 5 5 5
5 5 3 3 3
3 3 3 3 3
3 3 3 3 8
5 5 5 5 5
5 5 5 5 5
5 5 3 3 3
3 3 3 3 3
3 3 3 3 3
5 5 5 5 5
5 5 5 5 5
5 3 3 3 3
3 3 3 3 3
3 3 3 3 0
5 5 5 5 5
5 5 5 5 5
5 3 3 3 3
3 3 3 3 3
3 3 0 0 0
5 5 5 5 5
5 5 5 5 5
3 3 3 3 3
3 3 3 3 3
0 0 0 0 0
7 7 7 7 7
5 5 5 5 5
3 3 3 3 3
3 3 3 0 0
0 0 0 0 0
7 7 7 7 7
7 7 7 7 3
3 3 8 8 8
8 8 8 0 0
0 0 0 0 0
7 7 7 7 7
7 7 7 7 7
8 8 8 8 8
8 8 0 0 0
0 0 0 0 0
7 7 7 7 7
7 7 7 7 7
8 8 8 8 8
8 8 0 0 0
0 0 0 0 0
7 7 7 7 7
7 7 7 7 7
7 8 8 8 8
8 0 0 0 0
0 0 0 0 0
7 7 7 7 7
7 7 7 7 7
7 8 8 8 8
8 0 0 0 0
0 0 0 0 0
7 7 7 7 7
7 7 7 7 7
7 8 8 8 8
0 0 0 0 0
0 0 0 0 0
7 7 7 7 7
7 7 7 7 7
7 2 2 2 2
2 0 0 0 0
0 0 0 0 0
7 7 7 7 7
7 7 7 7 7
2 2 2 2 2
2 2 2 0 0
0 0 0 0 0
7 7 7 7 7
7 7 7 7 7
2 2 2 2 2
2 2 2 2 2
0 0 0 0 0
7 7 7 7 7
7 7 7 7 2
2 2 2 2 2
2 2 2 2 2
2 2 0 0 0
7 7 7 7 7
7 7 7 7 2
2 2 2 2 2
2 2 2 2 2
2 2 2 2 0
7 7 7 7 7
7 7 7 2 2
2 2 2 2 2
2 2 2 2 2
2 2 2 2 2
7 7 7 7 9
9 9 9 9 2
2 2 2 2 2
2 2 2 2 2
2 2 6 6 6
9 9 9 9 9
9 9 9 9 9
9 2 2 2 2
2 2 2 2 6
6 6 6 6 6
9 9 9 9 9
9 9 9 9 9
9 9 2 2 2
2 6 6 6 6
6 6 6 6 6
9 9 9 9 9
9 9 9 9 9
9 9 9 2 6
6 6 6 6 6
6 6 6 6 6
9 9 9 9 9
9 9 9 9 9
9 9 9 6 6
6 6 6 6 6
6 6 6 6 6
9 9 9 9 9
9 9 9 9 9
9 9 9 6 6
6 6 6 6 6
6 6 6 6 6
8 9 9 9 9
9 9 9 9 9
9 9 9 6 6
6 6 6 6 6
6 6 6 6 6
8 1 9 9 9
9 9 9 9 9
9 9 9 6 6
6 6 6 6 6
6 6 6 6 6
8 1 1 9 9
9 9 9 9 9
9 9 9 6 6
6 6 6 6 6
6 6 6 6 6
8 1 1 1 1
9 9 9 9 9
9 9 9 6 6
6 6 6 6 6
6 6 6 6 8
8 1 1 1 1
1 9 9 9 9
9 9 9 6 6
6 6 6 6 6
6 8 8 8 8
8 1 1 1 1
1 1 1 9 9
9 9 9 6 6
6 6 8 8 8
8 8 8 8 8
8 1 1 1 1
1 1 1 1 9
9 9 9 6 8
8 8 8 8 8
8 8 8 8 8
8 1 1 1 1
1 1 1 1 1
9 9 8 8 8
8 8 8 8 8
8 8 8 8 8
8 8 1 1 1
1 1 1 1 1
1 8 8 8 8
8 8 8 8 8
8 8 8 8 8
8 8 1 1 1
1 1 1 1 1
1 8 8 8 8
8 8 8 8 8
8 8 8 8 8
8 8 1 1 1
1 1 1 1 1
1 8 8 8 8
8 8 8 8 8
8 8 8 8 8
8 8 1 1 1
1 1 1 1 1
1 8 8 8 8
8 8 8 8 8
8 8 8 8 8
8 8 1 1 1
1 1 1 1 1
1 8 8 8 8
8 8 8 8 8
8 8 8 8 8
8 8 1 1 1
1 1 1 1 1
1 8 8 8 8
8 8 8 8 8
8 8 8 8 8
