4 4 4 4 4
4 4 6 6 6
6 6 6 6 6
6 6 6 6 4
4 4 4 4 4
4 4 4 4 4
4 4 6 6 6
6 6 6 6 6
6 6 6 6 6
4 4 4 4 4
4 4 4 4 4
4 4 4 6 6
6 6 6 6 6
6 6 6 6 6
6 4 4 4 4
4 4 4 4 4
4 4 4 2 6
6 6 6 6 6
6 6 6 6 6
6 4 4 4 4
4 4 4 4 4
4 4 4 2 2
2 6 6 6 6
6 6 6 6 6
6 6 4 4 4
4 4 4 4 4
4 4 4 2 2
2 2 2 6 6
6 6 6 6 6
6 6 4 4 4
4 4 4 4 4
4 4 4 2 2
2 2 2 2 6
6 6 6 6 6
6 4 4 4 4
4 4 4 4 4
4 4 4 2 2
2 2 2 2 2
2 6 6 6 4
4 4 4 4 4
4 4 4 4 4
4 4 4 2 2
2 2 2 2 2
2 2 9 9 9
4 4 4 4 4
4 4 4 4 4
4 4 4 4 2
2 2 2 2 2
2 2 9 9 9
9 4 4 4 4
4 4 4 4 4
4 4 4 4 2
2 2 2 2 2
2 2 9 9 9
9 9 4 4 4
4 4 4 4 4
4 4 4 4 2
2 2 2 2 2
2 2 2 9 9
9 7 7 7 7
4 4 4 4 4
4 4 4 4 2
2 2 2 2 2
2 6 6 9 7
7 7 7 7 7
4 4 4 4 4
4 4 4 4 2
2 2 2 6 6
6 6 6 7 7
7 7 7 7 7
4 4 4 4 4
4 4 4 4 2
6 6 6 6 6
6 6 6 6 7
7 7 7 7 7
4 4 4 4 4
4 4 4 4 6
6 6 6 6 6
6 6 6 6 7
7 7 7 7 7
4 4 4 4 4
4 4 4 4 6
6 6 6 6 6
6 6 6 6 7
7 7 7 7 7
4 4 4 4 4
4 4 4 4 6
6 6 6 6 6
6 6 6 6 7
7 7 7 7 7
4 4 4 4 4
4 4 4 4 6
6 6 6 6 6
9 9 9 9 7
7 7 7 7 7
4 4 4 4 4
4 4 4 9 9
9 9 9 9 9
9 9 9 9 9
9 9 7 7 7
4 4 4 4 4
4 4 4 9 9
9 9 9 9 9
9 9 9 9 9
9 9 9 9 7
4 4 4 4 4
4 4 9 9 9
9 9 9 9 9
9 9 9 9 9
9 9 9 9 9
4 4 4 4 4
4 9 9 9 9
9 9 9 9 9
9 9 9 9 9
9 9 9 9 9
4 4 4 4 4
9 9 9 9 9
9 9 9 9 9
9 9 9 9 9
9 9 9 9 9
4 4 4 4 4
9 9 9 9 9
9 9 9 9 9
9 9 9 9 9
9 9 9 9 9
4 4 4 4 9
9 9 9 9 9
9 9 9 9 9
9 9 9 9 9
9 9 9 9 9
4 4 4 9 9
9 9 9 9 9
9 9 9 9 9
9 9 9 9 9
9 9 9 9 9
4 4 9 9 9
9 9 9 9 9
9 9 9 9 9
9 9 9 9 5
9 9 9 9 9
4 4 9 9 9
9 9 9 9 9
9 9 9 9 9
9 5 5 5 5
5 9 9 9 9
4 9 9 9 9
9 9 9 9 9
9 9 9 9 5
5 5 5 5 5
5 5 9 9 9
9 9 9 9 9
9 9 9 9 9
9 5 5 5 5
5 5 5 5 5
5 5 9 9 9
1 1 9 9 9
9 9 9 9 5
5 5 5 5 5
5 5 5 5 5
5 5 5 9 9
1 1 1 1 9
9 5 5 5 5
5 5 5 5 5
5 5 5 5 5
5 5 5 5 9
1 1 1 1 1
1 5 5 5 5
5 5 5 5 5
5 5 5 5 5
5 5 5 5 5
1 1 1 1 1
1 2 2 2 2
2 2 2 2 2
2 2 2 2 2
2 2 2 2 2
1 1 1 1 1
1 1 2 2 2
2 2 2 2 2
2 2 2 2 2
2 2 2 2 2
1 1 1 1 1
1 1 1 2 2
2 2 2 2 2
2 2 2 2 2
2 2 2 2 5
1 1 1 1 1
1 1 1 2 2
2 2 2 2 2
2 2 2 2 2
2 2 2 5 5
1 1 1 1 1
1 1 1 1 2
2 2 2 2 2
2 2 2 2 2
2 2 5 5 5
1 1 1 1 1
1 1 1 1 1
2 2 2 2 2
2 2 2 2 2
5 5 5 5 5
1 1 1 1 1
1 1 1 1 1
2 2 2 2 2
2 2 2 2 5
5 5 5 5 5
1 1 1 1 1
1 1 1 1 1
1 2 2 2 2
2 2 2 5 5
5 5 5 5 5
1 1 1 1 1
1 1 1 1 1
1 1 2 2 2
2 2 5 5 5
5 5 5 5 5
1 1 1 1 1
1 1 1 1 1
1 1 7 7 7
7 7 7 7 7
7 5 5 5 5
1 1 1 1 1
1 1 1 1 1
1 1 7 7 7
7 7 7 7 7
7 7 7 7 7
1 1 1 1 1
1 1 1 1 1
1 1 7 7 7
7 7 7 7 7
7 7 7 7 7
1 1 1 1 1
1 1 1 1 1
1 1 7 7 7
7 7 7 7 7
7 7 7 7 7
1 1 1 1 1
1 1 1 1 1
1 1 7 7 7
7 7 7 7 7
7 7 7 7 7
1 1 1 1 1
1 1 1 1 1
1 1 7 7 7
7 7 7 7 7
7 7 7 7 7
1 1 1 1 1
1 1 1 1 1
1 1 7 7 7
7 7 7 7 7
7 7 7 7 7
