4 4 4 4 4
4 4 3 3 3
3 9 9 9 9
9 9 9 9 9
9 9 9 9 9
4 4 4 4 4
4 4 3 3 3
3 3 9 9 9
9 9 9 9 9
9 9 9 9 9
4 4 4 4 4
4 4 4 3 3
3 3 3 9 9
9 9 9 9 9
9 9 9 9 9
4 4 4 4 4
4 4 4 3 3
3 3 3 3 9
9 9 9 9 9
9 9 9 9 9
4 4 4 4 4
4 4 4 3 3
3 3 3 3 3
9 9 9 9 9
9 9 9 9 9
4 4 4 4 4
4 4 4 3 3
3 3 3 3 3
3 3 9 9 9
9 9 9 9 9
4 4 4 4 4
4 4 4 3 3
3 3 3 3 3
3 3 3 9 9
9 9 9 9 9
4 4 4 4 4
4 4 4 4 3
3 3 3 3 3
3 3 3 3 9
9 9 9 9 9
4 4 4 4 4
4 4 4 4 3
3 3 3 3 3
3 3 3 3 3
9 9 9 9 9
4 4 4 4 4
4 4 4 4 3
3 3 3 3 3
3 3 3 3 3
3 9 5 5 5
4 4 4 4 4
4 4 4 4 3
3 3 3 3 3
3 3 3 3 3
5 5 5 5 5
4 4 4 4 4
4 4 7 7 7
3 3 3 3 3
3 3 3 5 5
5 5 5 5 5
4 4 7 7 7
7 7 7 7 7
7 3 3 3 3
3 5 5 5 5
5 5 5 5 5
7 7 7 7 7
7 7 7 7 7
7 7 3 3 5
5 5 5 5 5
5 5 5 5 5
7 7 7 7 7
7 7 7 7 7
7 7 7 5 5
5 5 5 5 5
5 5 5 5 5
9 7 7 7 7
7 7 7 7 7
7 7 7 5 5
5 5 5 5 5
5 5 5 5 5
9 9 9 7 7
7 7 7 7 7
7 7 5 5 5
5 5 5 5 5
5 5 5 5 5
9 9 9 9 9
7 7 7 7 7
7 7 5 5 5
5 5 5 5 5
5 5 5 5 5
9 9 9 9 9
9 7 7 7 7
7 7 5 5 5
5 5 5 5 5
5 5 5 5 5
9 9 9 9 9
9 9 9 7 7
7 7 5 5 5
5 5 5 5 5
5 5 5 5 5
9 9 9 9 9
9 9 9 9 9
7 7 5 5 5
5 5 5 5 5
5 5 5 5 5
9 9 9 9 9
9 9 9 9 9
9 8 8 5 5
5 5 5 5 5
5 5 5 5 5
9 9 9 9 9
9 9 9 9 8
8 8 8 8 2
2 2 2 2 2
2 2 2 2 2
1 1 1 1 1
9 9 9 8 8
8 8 8 8 8
2 2 2 2 2
2 2 2 2 2
1 1 1 1 1
1 1 8 8 8
8 8 8 8 8
2 2 2 2 2
2 2 2 2 2
1 1 1 1 1
1 1 8 8 8
8 8 8 8 8
2 2 2 2 2
2 2 2 2 2
1 1 1 1 1
1 0 0 8 8
8 8 8 8 8
2 2 2 2 2
2 2 2 2 2
1 1 1 1 1
1 0 0 8 8
8 8 8 8 8
8 2 2 2 2
2 2 2 2 2
1 1 1 1 1
0 0 0 0 8
8 8 8 8 8
8 2 2 2 2
2 2 2 2 2
1 1 1 1 0
0 0 0 0 8
8 8 8 8 8
8 2 2 2 2
2 2 2 2 2
1 1 1 1 0
0 0 0 0 8
8 8 8 8 8
8 2 2 2 2
2 2 2 2 2
1 1 1 1 0
0 0 0 0 0
8 8 8 8 8
8 8 2 2 2
2 2 2 8 8
1 1 1 1 0
0 0 0 0 0
8 8 8 8 8
8 8 2 2 2
8 8 8 8 8
1 1 1 0 0
0 0 0 0 0
0 8 8 8 8
8 8 8 8 8
8 8 8 8 8
1 1 1 0 0
0 0 0 0 0
0 8 8 8 8
8 8 8 8 8
8 8 8 8 8
1 1 1 0 0
0 0 0 0 0
0 8 8 8 8
8 8 8 8 8
8 8 8 8 8
1 1 1 0 0
0 0 0 0 0
0 0 8 6 6
6 1 8 8 8
8 8 8 8 8
1 1 1 0 0
0 0 0 0 0
0 6 6 6 6
6 1 1 1 8
8 8 8 8 8
1 1 0 0 0
0 0 0 0 0
6 6 6 6 6
6 1 1 1 1
8 8 8 8 8
1 1 0 0 0
0 0 0 0 6
6 6 6 6 6
6 6 1 1 1
1 1 8 8 8
1 1 0 0 0
0 0 6 6 6
6 6 6 6 6
6 6 1 1 1
1 1 1 1 8
1 1 0 0 0
0 6 6 6 6
6 6 6 6 6
6 6 6 1 1
1 1 1 1 1
1 0 0 0 0
6 6 6 6 6
6 6 6 6 6
6 6 9 9 1
1 1 1 1 1
1 0 0 6 6
6 6 6 6 6
6 6 6 6 6
6 6 9 9 1
1 1 1 1 1
1 0 6 6 6
6 6 6 6 6
6 6 6 6 6
6 9 9 9 9
1 1 1 1 1
1 6 6 6 6
6 6 6 6 6
6 6 6 6 6
9 9 9 9 9
9 1 1 1 1
6 6 6 6 6
6 6 6 6 6
6 6 6 6 9
9 9 9 9 9
9 1 1 1 1
6 6 6 6 6
6 6 6 6 6
6 6 6 6 9
9 9 9 9 9
9 9 1 1 1
6 6 6 6 6
6 6 6 6 6
6 6 6 9 9
9 9 9 9 9
9 9 9 1 1
6 6 6 6 6
6 6 6 6 6
6 6 9 9 9
9 9 9 9 9
9 9 9 1 1
