2 2 2 2 2
2 2 2 2 2
2 2 2 2 2
2 2 2 2 2
2 2 2 2 2
2 2 2 2 2
2 2 2 2 2
2 2 2 2 2
2 2 2 2 2
2 2 2 2 2
5 2 2 2 2
2 2 2 2 2
2 2 2 2 2
2 2 2 2 2
2 2 2 2 2
5 5 2 2 2
2 2 2 2 2
2 2 2 2 2
2 2 2 2 2
2 2 2 2 2
5 5 5 5 2
2 2 2 2 2
2 2 2 2 2
2 2 2 2 2
2 2 2 9 9
5 5 5 5 5
8 8 8 2 2
2 2 2 2 2
2 2 2 2 2
9 9 9 9 9
5 5 5 5 5
5 8 8 8 8
8 8 8 2 2
2 2 9 9 9
9 9 9 9 9
5 5 5 5 5
5 8 8 8 8
8 8 8 8 8
8 9 9 9 9
9 9 9 9 9
5 5 5 5 5
5 5 8 8 8
8 8 8 8 8
8 8 9 9 9
9 9 9 9 9
5 5 5 5 5
5 5 5 8 8
8 8 8 8 8
8 8 8 9 9
9 9 9 9 9
5 5 5 5 5
5 5 5 8 8
8 8 8 8 8
8 8 8 8 9
9 9 9 5 5
5 5 5 5 5
5 5 5 5 8
8 8 8 8 8
8 8 8 8 8
9 5 5 5 5
5 5 5 5 5
5 5 5 5 5
8 8 8 8 8
8 8 8 8 8
8 5 5 5 5
5 5 5 5 5
5 5 5 5 5
8 8 8 8 8
8 8 8 8 8
8 5 5 5 5
5 5 5 5 5
5 5 5 5 5
5 8 8 8 8
8 8 8 8 8
8 8 5 5 5
5 5 5 5 5
5 5 5 5 5
5 5 8 8 8
8 8 8 8 8
8 8 5 5 5
5 5 5 5 5
5 5 5 5 5
5 5 8 8 8
8 8 8 8 8
8 8 5 5 5
5 5 5 5 5
5 5 5 5 5
5 5 5 8 8
8 8 8 8 8
8 8 8 5 5
5 5 5 5 5
5 5 5 5 5
5 5 5 5 8
8 8 8 8 8
8 8 8 5 5
5 5 5 5 5
5 5 5 5 5
5 5 5 5 8
8 8 8 8 8
8 8 8 8 5
0 5 5 5 5
5 5 5 5 5
5 5 5 5 5
8 8 8 8 8
8 8 8 8 5
0 0 5 5 5
5 5 5 5 5
5 5 5 5 5
5 8 8 8 8
8 8 8 8 5
0 0 0 5 5
5 5 5 5 5
5 5 5 5 5
2 2 2 8 8
8 8 8 8 8
0 0 0 0 5
5 5 5 5 5
5 5 5 5 2
2 2 2 2 2
6 6 6 6 6
0 0 0 0 0
5 5 5 5 5
5 5 2 2 2
2 2 2 2 6
6 6 6 6 6
0 0 0 0 0
0 5 5 5 5
5 2 2 2 2
2 2 2 2 6
6 6 6 6 6
0 0 0 0 0
0 0 5 5 2
2 2 2 2 2
2 2 2 6 6
6 6 6 6 6
0 0 0 0 0
0 0 0 2 2
2 2 2 2 2
2 2 2 6 6
6 6 6 6 6
0 0 0 0 0
0 0 0 2 2
2 2 2 2 2
2 2 6 6 6
6 6 6 6 6
0 0 0 0 0
0 0 0 2 2
2 2 2 2 2
2 2 6 6 6
6 6 6 6 6
0 0 0 0 0
0 0 0 2 2
2 2 2 2 2
2 6 6 6 6
6 6 6 6 6
0 0 0 0 0
0 0 0 2 2
2 2 2 2 2
2 6 6 6 6
6 6 6 6 6
0 0 0 0 0
0 0 2 2 2
2 2 2 2 2
6 6 6 6 6
6 6 6 5 8
0 0 0 0 0
0 0 9 2 2
2 2 2 2 2
5 5 5 5 5
5 5 5 5 8
0 0 0 0 9
9 9 9 9 2
2 2 2 5 5
5 5 5 5 5
5 5 5 8 8
0 9 9 9 9
9 9 9 9 9
9 2 5 5 5
5 5 5 5 5
5 5 8 8 8
9 9 9 9 9
9 9 9 9 9
9 9 5 5 5
5 5 5 5 5
5 5 8 8 8
9 9 9 9 9
9 9 9 9 9
9 9 5 5 5
5 5 5 5 5
5 8 8 8 8
9 9 9 9 9
9 9 9 9 9
9 9 9 7 7
5 5 5 5 5
5 8 8 8 8
9 9 9 9 9
9 9 9 9 9
9 9 9 7 7
7 7 7 7 7
8 8 8 8 8
3 9 9 9 9
9 9 9 9 9
9 9 7 7 7
7 7 7 7 7
7 8 8 8 8
3 3 3 9 9
9 9 9 9 9
9 9 7 7 7
7 7 7 7 7
7 8 8 8 8
3 3 3 3 9
9 9 9 9 9
9 9 7 7 7
7 7 7 7 7
7 7 8 8 8
3 3 3 3 3
9 9 9 9 9
9 1 1 7 7
7 7 7 7 7
6 6 6 6 8
3 3 3 3 3
3 3 9 9 9
1 1 1 1 7
7 7 7 6 6
6 6 6 6 6
3 3 3 3 3
3 3 3 9 1
1 1 1 1 1
1 7 6 6 6
6 6 6 6 6
3 3 3 3 3
3 3 3 3 1
1 1 1 1 1
1 6 6 6 6
6 6 6 6 6
3 3 3 3 3
3 3 3 1 1
1 1 1 1 1
1 1 6 6 6
6 6 6 6 6
3 3 3 3 3
3 3 3 1 1
1 1 1 1 1
1 1 6 6 6
6 6 6 6 6
3 3 3 3 3
3 3 3 1 1
1 1 1 1 1
1 1 6 6 6
6 6 6 6 6
