1 1 1 1 1
1 1 1 1 1
1 1 1 5 5
5 5 5 5 5
5 5 5 5 5
1 1 1 1 1
1 1 1 1 1
1 1 1 5 5
5 5 5 5 5
5 5 5 5 5
1 1 1 1 1
1 1 1 1 1
1 1 1 8 5
5 5 5 5 5
5 5 5 5 5
1 1 1 1 1
1 1 1 1 1
1 1 8 8 8
5 5 5 5 5
5 5 5 5 5
1 1 1 1 1
1 1 1 1 1
0 0 8 8 8
8 5 5 5 5
5 5 5 5 5
1 1 1 1 1
1 1 1 1 0
0 0 8 8 8
8 8 5 5 5
5 5 5 5 5
1 1 1 1 1
1 1 1 0 0
0 0 8 8 8
8 8 5 5 5
5 5 5 5 5
1 1 1 1 1
1 0 0 0 0
0 8 8 8 8
8 8 8 5 5
5 5 5 5 5
2 2 2 2 2
2 0 0 0 0
0 8 8 8 8
8 8 8 8 5
5 5 5 5 5
2 2 2 2 2
2 0 0 0 0
0 8 8 8 8
8 8 8 8 8
5 5 5 5 5
2 2 2 2 2
0 0 0 0 0
0 8 8 8 8
8 8 8 8 8
8 5 5 5 5
2 2 2 2 2
0 0 0 0 0
8 8 8 8 8
8 8 8 8 8
8 8 5 5 5
2 2 2 2 2
0 0 0 0 0
8 8 8 8 8
8 8 8 8 8
8 8 5 5 5
2 2 2 2 2
0 0 0 0 0
8 8 8 8 8
8 8 8 8 8
8 8 8 5 5
2 2 2 2 2
0 0 0 0 0
8 8 8 8 8
8 8 8 8 8
8 8 5 5 5
2 2 2 2 0
0 0 0 0 0
8 8 8 8 8
8 8 8 8 8
5 5 5 5 5
2 2 2 2 0
0 0 0 0 8
8 8 8 8 8
8 8 8 8 5
5 5 5 5 5
2 2 2 2 0
0 0 0 0 8
8 8 8 8 8
8 8 8 5 5
5 5 5 5 5
6 6 6 6 6
6 0 0 0 8
8 8 8 8 8
8 5 5 5 5
5 5 5 5 5
6 6 6 6 6
6 6 6 6 8
8 8 8 8 8
5 5 5 5 5
5 5 5 5 5
6 6 6 6 6
6 6 6 6 6
8 8 8 9 9
5 5 5 5 5
5 5 5 5 5
6 6 6 6 6
6 6 6 6 6
6 9 9 9 9
9 5 5 5 5
5 5 5 5 5
6 6 6 6 6
6 6 6 6 6
6 9 9 9 9
9 9 5 5 5
5 5 5 5 5
6 6 6 6 6
6 6 6 6 6
6 9 9 9 9
9 9 9 5 5
5 5 5 5 5
6 6 6 6 6
6 6 6 6 6
6 9 9 9 9
9 9 9 9 9
5 5 5 5 5
6 6 6 6 6
6 6 6 6 6
9 9 9 9 9
9 9 9 9 9
9 5 5 5 5
6 6 6 6 6
6 6 6 6 6
9 9 9 9 9
9 9 9 9 9
9 9 5 5 5
6 6 6 6 6
6 6 6 6 6
9 9 9 9 9
9 9 9 9 9
9 9 9 5 5
6 6 6 6 6
6 6 6 6 6
9 9 9 9 9
9 9 9 9 9
9 9 9 9 5
6 6 6 6 6
6 3 3 3 3
3 9 9 9 9
9 9 9 9 9
9 9 9 9 9
6 6 6 3 3
3 3 3 3 3
3 3 9 9 9
9 9 9 9 9
9 9 9 9 9
3 3 3 3 3
3 3 3 3 3
3 3 3 9 9
9 9 9 9 9
9 9 9 9 9
3 3 3 3 3
3 3 3 3 3
3 3 3 9 9
9 9 9 9 9
9 9 9 9 9
3 3 3 3 3
3 3 3 3 3
3 3 3 3 4
9 9 9 9 9
9 9 9 9 9
3 3 3 3 3
3 3 3 3 3
3 3 3 4 4
2 2 2 2 2
2 2 2 2 2
3 3 3 3 3
3 3 3 3 3
3 3 3 4 4
2 2 2 2 2
2 2 2 2 2
3 3 3 3 3
3 3 3 3 3
3 3 4 4 4
4 2 2 2 2
2 2 2 2 2
3 3 3 3 3
3 3 3 3 3
3 3 4 4 4
4 2 2 2 2
2 2 2 2 2
3 3 3 3 3
3 3 3 3 3
3 4 4 4 4
4 2 2 2 2
2 2 2 2 2
3 3 3 3 3
3 3 3 3 3
3 4 4 4 4
4 4 2 2 2
2 2 2 2 2
3 3 3 3 3
3 7 3 3 3
4 4 4 4 4
4 4 2 2 2
2 2 2 2 2
3 3 7 7 7
7 7 7 7 7
4 4 4 4 4
4 4 2 2 2
2 2 2 2 2
7 7 7 7 7
7 7 7 7 9
4 4 4 4 4
4 4 4 2 2
2 2 2 2 2
7 7 7 7 7
7 7 7 9 9
9 4 4 4 4
4 4 4 2 2
2 2 2 2 2
9 7 7 7 7
7 7 9 9 9
9 9 4 4 4
4 4 4 2 2
2 2 2 2 2
9 9 9 7 7
9 9 9 9 9
9 9 4 4 4
4 4 4 4 2
2 2 2 2 2
9 9 9 9 9
9 9 9 9 9
9 9 9 4 4
4 4 4 4 2
2 2 2 2 2
9 9 9 9 9
9 9 9 9 9
9 9 9 4 4
4 4 4 4 2
2 2 2 2 2
9 9 9 9 9
9 9 9 9 9
9 9 9 9 4
4 4 4 4 4
2 2 2 2 2
9 9 9 9 9
9 9 9 9 9
9 9 9 9 9
4 4 4 4 4
2 2 2 2 2
