8 6 6 6 6
6 6 6 6 6
6 6 6 6 3
3 3 3 3 3
3 3 3 3 3
8 8 6 6 6
6 6 6 6 6
6 6 6 6 3
3 3 3 3 3
3 3 3 3 3
8 8 8 6 6
6 6 6 6 6
6 6 6 6 3
3 3 3 3 3
3 3 3 0 0
8 8 8 8 6
6 6 6 6 6
6 6 6 6 6
6 3 3 0 0
0 0 0 6 6
8 8 8 8 8
6 6 6 6 6
6 6 6 6 6
6 6 0 0 0
0 6 6 6 6
8 8 8 8 8
8 6 6 6 6
6 6 0 6 6
6 6 6 6 6
6 6 6 6 6
8 8 8 8 8
8 8 6 6 0
0 0 0 6 6
6 6 6 6 6
6 6 6 6 6
8 8 8 8 8
8 8 0 0 0
0 0 0 6 6
6 6 6 6 6
6 6 6 6 6
8 8 8 8 8
8 8 0 0 0
0 0 0 0 6
6 6 6 6 6
6 6 6 6 6
8 8 8 8 8
8 0 0 0 0
0 0 0 0 6
6 6 6 6 6
6 6 6 6 6
8 8 8 8 8
8 0 0 0 0
0 0 0 0 6
6 6 6 6 6
6 6 6 6 6
8 8 8 8 8
0 0 0 0 0
0 0 0 0 0
6 6 6 6 6
6 6 6 6 6
8 8 8 8 0
0 0 0 0 0
0 0 0 0 0
6 6 6 6 6
6 6 6 6 6
8 8 8 8 0
0 0 0 0 0
0 0 0 0 2
2 2 6 6 6
6 6 6 6 6
8 8 3 3 3
0 0 0 0 0
0 0 0 2 2
2 2 2 2 2
2 6 6 6 6
3 3 3 3 3
3 3 3 0 0
0 2 2 2 2
2 2 2 2 2
2 2 2 2 2
3 3 3 3 3
3 3 3 3 3
3 2 2 2 2
2 2 2 2 2
2 2 2 2 2
3 3 3 3 3
3 3 3 3 3
3 2 2 2 2
2 2 2 2 2
2 2 2 2 2
3 3 3 3 3
3 3 3 3 3
3 2 2 2 2
2 2 2 2 2
2 2 2 2 2
3 3 3 3 3
3 3 3 3 3
3 2 2 2 2
2 2 2 2 2
2 2 2 2 2
3 3 3 3 3
3 3 3 3 3
3 3 2 2 2
2 2 2 2 2
2 2 2 2 2
4 1 3 3 3
3 3 3 3 3
3 3 2 2 2
2 2 2 2 2
2 2 2 2 2
4 4 1 1 1
1 3 3 3 3
3 3 2 2 2
2 2 2 2 2
2 2 2 2 2
4 4 1 1 1
1 1 1 1 3
3 3 2 2 2
2 2 2 2 2
2 2 2 2 2
4 4 4 1 1
1 1 1 1 1
1 1 1 2 2
2 2 2 2 2
2 2 2 2 2
4 4 4 4 1
1 1 1 1 1
1 1 1 2 2
2 2 2 2 2
2 2 2 2 2
4 4 4 4 4
1 1 1 1 1
1 1 1 1 2
2 2 2 2 2
2 2 2 2 2
4 4 4 4 4
1 1 1 1 1
1 1 1 1 1
2 2 2 2 2
2 2 2 2 2
4 4 4 4 4
4 1 1 1 1
1 1 1 1 1
2 2 2 2 2
2 2 2 2 2
4 4 4 4 4
4 4 1 1 1
1 1 1 1 1
1 2 2 2 2
2 2 2 2 2
4 4 4 4 4
4 4 1 1 1
1 1 1 1 9
9 9 9 9 9
9 9 9 9 9
4 4 4 4 4
4 4 4 1 1
1 1 9 9 9
9 9 9 9 9
9 9 9 9 9
4 4 4 4 4
4 4 4 4 1
9 9 9 9 9
9 9 9 9 9
9 9 9 9 9
4 4 4 4 4
4 4 4 9 9
9 9 9 9 9
9 9 9 9 9
9 9 9 9 9
4 4 4 4 4
4 4 9 9 9
9 9 9 9 9
9 9 9 9 9
9 9 9 9 9
4 4 4 4 4
4 9 9 9 9
9 9 9 9 9
9 9 9 9 9
9 9 9 9 9
4 4 4 4 4
9 9 9 9 9
9 9 9 9 9
9 9 9 9 9
9 9 9 5 5
4 4 4 8 9
9 9 9 9 9
9 9 9 9 9
9 9 9 9 9
9 5 5 5 5
4 8 8 8 8
8 9 9 9 9
9 9 9 9 9
9 9 9 9 5
5 5 5 5 5
8 8 8 8 8
8 8 9 9 9
9 9 9 9 9
9 9 5 5 5
5 5 5 5 5
8 8 8 8 8
8 8 8 8 9
9 9 9 9 9
5 5 5 5 5
5 5 5 5 5
8 8 8 8 8
8 8 8 8 8
8 9 9 5 5
5 5 5 5 5
5 5 5 5 5
8 8 8 8 8
8 8 8 8 8
8 8 5 5 5
5 5 5 5 5
5 5 5 5 5
8 8 8 8 8
8 8 8 8 8
8 8 8 5 5
5 5 5 5 5
5 5 5 5 5
8 8 8 8 8
8 8 8 8 8
8 8 8 8 5
5 5 5 5 5
5 5 5 5 5
8 8 8 8 8
8 8 8 8 8
8 8 8 8 5
5 5 5 5 5
5 5 5 5 5
8 8 8 8 8
8 8 8 8 8
8 8 7 7 7
7 5 5 5 5
5 5 5 5 5
8 8 8 8 8
7 7 7 7 7
7 7 7 7 7
7 7 7 7 5
5 5 5 5 5
7 7 7 7 7
7 7 7 7 7
7 7 7 7 7
7 7 7 7 7
7 5 5 5 5
7 7 7 7 7
7 7 7 7 7
7 7 7 7 7
7 7 7 7 7
7 7 7 7 5
