9 9 9 9 9
9 9 9 9 9
9 9 9 9 9
9 9 9 9 9
9 9 9 9 9
9 9 9 9 9
9 9 9 9 9
9 9 9 9 9
9 9 9 9 9
9 9 9 9 9
9 9 9 9 9
9 9 9 9 9
9 9 9 9 9
9 9 9 9 9
9 9 9 9 9
9 9 9 9 9
9 9 9 9 9
9 9 9 9 9
9 9 9 9 9
9 9 9 9 9
9 9 9 9 9
9 9 9 9 9
9 9 9 9 9
9 9 9 9 9
9 9 9 9 9
9 9 9 9 9
9 9 9 9 9
9 9 9 9 9
9 9 9 9 9
9 9 9 9 9
9 9 9 9 9
9 9 9 9 9
9 9 9 9 9
9 9 9 9 9
9 9 9 9 9
9 9 9 9 9
9 9 9 9 9
9 9 9 9 9
9 9 9 9 9
9 0 9 9 9
9 9 9 9 9
9 9 9 9 9
9 9 9 9 9
9 9 9 9 9
9 0 9 9 9
9 9 9 9 9
9 9 9 9 9
9 9 9 9 9
9 9 9 9 9
0 0 9 9 9
9 9 9 9 9
9 9 9 9 9
9 9 9 9 9
9 9 9 9 9
0 9 9 9 9
9 9 9 9 9
9 9 9 9 9
9 9 9 9 9
9 9 9 9 0
0 9 9 9 9
9 9 9 9 9
9 9 9 9 9
9 9 9 9 9
9 9 9 9 0
0 9 9 9 9
9 9 9 9 9
9 9 9 9 9
9 9 9 9 9
9 9 9 0 0
0 9 9 9 9
9 9 9 9 9
9 9 9 9 9
9 9 9 9 9
9 9 9 0 0
0 9 9 9 9
9 9 9 9 9
9 9 9 9 9
9 9 9 9 9
9 9 0 0 0
0 9 9 9 9
9 9 9 9 9
9 9 9 9 9
9 9 9 9 9
9 9 0 0 0
9 9 9 9 9
9 9 9 9 9
9 9 9 9 9
9 9 9 9 9
9 0 0 0 0
9 9 9 9 9
9 9 9 9 9
9 9 9 9 9
9 9 9 9 9
9 0 0 0 0
9 9 9 9 9
9 9 9 9 9
9 9 9 9 9
9 9 9 9 9
0 0 0 0 0
9 9 9 9 9
9 9 9 9 9
9 9 9 9 9
9 9 9 9 6
6 6 0 0 0
9 9 9 9 9
9 9 9 9 9
9 9 9 9 6
6 6 6 6 6
6 6 6 6 6
9 9 3 3 3
9 9 9 9 6
6 6 6 6 6
6 6 6 6 6
6 6 6 6 6
3 3 3 3 3
6 6 6 6 6
6 6 6 6 6
6 6 6 6 6
6 6 6 6 5
5 3 3 3 3
6 6 6 6 6
6 6 6 6 6
6 6 6 6 6
6 6 6 5 5
5 3 3 3 3
6 6 6 6 6
6 6 6 6 6
6 6 6 6 6
6 5 5 5 5
5 3 3 3 3
6 6 6 6 6
6 6 6 6 6
6 6 6 6 6
5 5 5 5 5
5 3 3 3 3
6 6 6 6 6
6 6 6 6 6
6 6 6 5 5
5 5 5 5 5
5 1 3 3 3
3 3 3 3 3
3 3 3 3 3
3 3 3 3 3
3 3 3 3 3
1 1 1 3 3
3 3 3 3 3
3 3 3 3 3
3 3 3 3 3
3 3 3 3 1
1 1 1 1 3
3 3 3 3 3
3 3 3 3 3
3 3 3 3 3
3 3 3 3 1
1 1 1 1 1
3 3 3 3 3
3 3 3 3 3
3 3 3 3 3
3 3 3 3 1
1 1 1 1 1
3 3 3 3 3
3 3 3 3 3
3 3 3 3 3
3 3 3 3 3
1 1 1 1 1
3 3 3 3 3
3 3 3 3 3
3 3 3 3 3
3 3 3 3 3
3 1 1 1 1
3 3 3 3 3
3 3 3 3 3
3 3 3 3 3
3 3 3 3 3
3 3 1 1 1
4 4 3 3 3
3 3 3 3 3
3 3 3 3 3
3 3 3 3 3
3 3 3 1 1
4 4 4 4 3
3 3 3 3 3
3 3 3 3 3
3 3 3 3 3
3 3 3 3 1
4 4 4 4 4
4 1 1 1 1
1 3 3 3 3
3 3 3 3 3
3 3 3 3 3
4 4 4 4 4
4 1 1 1 1
1 1 1 1 1
1 1 1 1 1
1 1 1 3 3
4 4 4 4 4
4 4 1 1 1
1 1 1 1 1
1 1 1 1 1
1 1 3 3 3
4 4 4 4 4
4 4 4 0 1
1 1 1 1 1
1 1 1 1 1
1 1 3 3 3
4 4 4 4 4
4 4 4 4 0
1 1 1 1 1
1 1 1 1 1
1 3 3 3 3
4 4 4 4 4
4 4 4 4 0
0 0 1 1 1
1 1 1 1 1
1 3 3 3 3
4 4 4 4 4
4 4 4 4 4
0 0 0 1 1
1 1 1 1 1
3 3 3 3 3
4 4 4 4 4
4 4 4 4 4
0 0 0 0 0
1 1 1 1 1
3 3 3 3 3
4 4 4 4 4
4 4 4 4 4
4 0 0 0 0
0 0 1 1 3
3 3 3 3 3
4 4 4 4 4
4 4 4 4 4
4 0 0 0 0
0 0 0 1 3
3 3 3 3 3
4 4 4 4 4
4 4 4 4 4
4 4 0 0 0
0 0 0 3 3
3 3 3 3 3
4 4 4 4 4
4 4 4 4 4
4 3 3 0 0
0 0 0 3 3
3 3 3 3 3
4 4 4 4 4
4 4 4 4 3
3 3 3 3 0
0 0 0 3 3
3 3 3 3 3
