9 9 9 9 9
9 9 9 9 9
9 9 9 9 9
9 6 6 6 6
6 6 6 6 6
9 9 9 9 9
9 9 9 9 9
9 9 9 9 9
9 6 6 6 6
6 6 6 6 6
9 9 9 9 9
9 9 9 9 9
9 9 9 9 9
9 6 6 6 6
6 6 6 6 6
9 9 9 9 9
9 9 9 9 9
9 9 9 9 9
9 6 6 6 6
6 6 6 6 6
9 9 9 9 9
9 9 9 9 9
9 9 9 9 9
9 6 6 6 6
6 6 6 6 6
9 9 9 9 9
9 9 9 9 9
9 9 9 9 9
9 6 6 6 6
6 6 6 6 6
9 9 9 9 9
9 9 9 9 9
9 9 9 9 9
3 3 6 6 6
6 6 6 6 6
9 9 9 9 9
9 9 9 9 9
9 9 9 9 3
3 3 3 3 6
6 6 6 6 6
9 9 9 9 9
9 9 9 9 9
9 9 9 3 3
3 3 3 3 3
0 0 0 0 6
9 9 9 9 9
9 9 9 9 9
9 9 9 3 3
3 3 3 3 3
0 0 0 0 0
9 9 9 9 9
9 9 9 9 9
9 9 3 3 3
3 3 3 3 3
0 0 0 0 0
9 9 9 9 9
9 9 9 9 9
2 2 3 3 3
3 3 3 3 3
3 0 0 0 0
9 9 9 9 9
9 9 9 2 2
2 2 2 3 3
3 3 3 3 3
3 0 0 0 0
9 9 9 9 9
9 2 2 2 2
2 2 2 3 3
3 3 3 3 3
3 0 0 0 0
9 9 9 2 2
2 2 2 2 2
2 2 2 2 3
3 3 3 3 3
3 3 0 0 0
9 2 2 2 2
2 2 2 2 2
2 2 2 2 2
3 3 3 3 3
3 3 0 0 0
2 2 2 2 2
2 2 2 2 2
2 2 2 2 2
2 3 3 3 3
3 3 0 0 0
2 2 2 2 2
2 2 2 2 2
2 2 2 2 2
2 3 3 3 3
3 3 0 0 0
2 2 2 2 2
2 2 2 2 2
2 2 2 2 2
2 2 3 3 3
3 3 3 0 0
2 2 2 2 2
2 2 2 2 2
2 2 2 2 2
2 2 2 3 3
3 3 3 0 0
2 2 2 2 2
2 2 2 2 2
2 2 2 2 2
2 2 2 3 3
3 3 3 0 0
2 2 2 2 2
2 2 2 2 2
2 2 2 2 2
2 3 3 3 3
3 3 3 3 0
2 2 2 2 2
2 2 2 2 2
2 2 2 2 3
3 3 3 3 3
3 3 3 3 3
2 2 2 2 2
2 2 2 2 2
2 2 2 3 3
3 3 3 3 3
3 3 3 3 3
5 2 2 2 2
2 2 2 2 2
2 3 3 3 3
3 3 3 3 3
3 3 3 3 6
5 5 5 2 2
2 5 5 5 5
5 3 3 3 3
3 3 3 3 3
3 3 3 6 6
5 5 5 5 5
5 5 5 5 5
5 5 5 3 3
3 3 3 3 3
3 3 6 6 6
5 5 5 5 5
5 5 5 5 5
5 5 5 5 3
3 3 3 3 3
3 6 6 6 6
5 5 5 5 5
5 5 5 5 5
5 5 5 5 5
5 3 3 3 6
6 6 6 6 6
5 5 5 5 5
5 5 5 5 5
5 5 5 5 5
5 5 5 6 6
6 6 6 6 6
5 5 5 5 5
5 5 5 5 5
5 5 5 5 5
5 5 5 6 6
6 6 6 6 6
5 5 5 5 5
5 5 5 5 5
5 5 5 5 5
5 5 5 6 6
6 6 6 6 6
5 5 5 5 5
5 5 5 5 5
5 5 5 5 5
5 5 5 6 6
6 6 6 6 6
5 5 5 5 5
5 5 7 7 5
5 5 5 5 5
5 5 5 6 6
6 6 6 6 6
5 5 5 5 5
5 7 7 7 7
5 5 5 5 5
5 5 6 6 6
6 6 6 6 6
5 5 5 5 5
5 7 7 7 7
5 5 5 5 5
5 5 9 9 9
9 9 9 9 9
5 5 5 5 5
7 7 7 7 7
7 5 5 5 5
5 9 9 9 9
9 9 9 9 9
5 5 5 5 7
7 7 7 7 7
7 4 4 4 4
9 9 9 9 9
9 9 9 9 9
5 5 5 7 7
7 7 7 7 7
4 4 4 4 4
4 9 9 9 9
9 9 9 9 9
5 5 5 7 7
7 7 7 7 4
4 4 4 4 4
4 9 9 9 9
9 9 9 9 9
5 5 7 7 7
7 7 7 4 4
4 4 4 4 4
4 9 9 9 9
9 9 9 9 9
5 7 7 7 7
7 7 4 4 4
4 4 4 4 4
4 4 9 9 9
9 9 9 9 9
7 7 7 7 7
7 4 4 4 4
4 4 4 4 4
4 2 7 7 7
9 9 9 9 9
7 7 7 7 7
4 4 4 4 4
4 4 4 4 4
2 2 7 7 7
7 7 7 9 9
7 7 7 7 7
4 4 4 4 4
4 4 4 2 2
2 2 7 7 7
7 7 7 7 7
7 7 7 0 0
0 0 0 4 4
4 4 2 2 2
2 2 7 7 7
7 7 7 7 7
7 0 0 0 0
0 0 0 0 0
0 0 2 2 2
2 2 7 7 7
7 7 7 7 7
0 0 0 0 0
0 0 0 0 0
0 0 2 2 2
2 2 7 7 7
7 7 7 7 7
0 0 0 0 0
0 0 0 0 0
0 0 2 2 2
2 2 7 7 7
7 7 7 7 7
0 0 0 0 0
0 0 0 0 0
0 0 2 2 2
2 2 7 7 7
7 7 7 7 7
