6 6 6 6 6
6 6 6 6 6
6 6 6 6 6
6 6 6 6 6
6 6 6 6 6
6 6 6 6 6
6 6 6 6 6
6 6 6 6 6
6 6 6 6 6
6 6 6 6 6
6 6 6 6 6
6 6 6 6 6
6 6 6 6 6
6 6 6 6 6
6 6 6 6 6
6 6 6 6 6
6 6 6 6 6
6 6 6 6 6
6 6 6 6 6
6 6 6 6 6
6 6 6 6 6
6 6 6 6 6
6 6 6 6 6
6 6 6 6 6
6 6 6 6 6
6 6 6 6 6
6 6 6 6 6
6 6 6 6 6
6 6 6 6 6
6 6 6 6 6
6 6 6 6 6
6 6 6 6 6
6 6 6 6 6
6 6 6 6 6
6 6 6 6 6
6 6 6 6 6
6 6 6 6 6
6 6 6 6 6
6 6 6 6 6
6 6 6 6 6
6 6 6 6 6
6 6 6 6 6
6 6 6 6 6
6 6 6 6 6
6 6 6 6 6
6 6 6 6 6
6 6 6 6 6
6 6 6 6 6
6 6 6 6 6
6 6 6 6 6
6 6 6 6 6
6 6 6 6 6
6 6 6 6 6
6 6 6 6 6
6 6 6 8 8
6 6 6 6 6
6 6 6 6 6
6 6 6 6 6
6 6 6 6 6
6 8 8 8 8
6 6 6 6 6
6 6 6 6 6
6 6 6 6 6
6 6 6 6 8
8 8 8 8 8
6 6 6 6 6
6 6 6 6 6
6 6 6 6 6
6 6 8 8 8
8 8 8 8 8
6 6 6 6 6
6 6 6 6 6
6 6 6 6 8
8 8 8 8 8
8 8 8 8 8
6 6 6 6 6
6 6 6 6 6
6 8 8 8 8
8 8 8 8 8
8 8 8 8 8
6 6 6 6 6
6 6 8 8 8
8 8 8 8 8
8 8 8 8 8
8 8 8 8 8
6 6 6 6 8
8 8 8 8 8
8 8 8 8 8
8 8 8 8 8
8 8 8 8 2
7 8 8 8 8
8 8 8 8 8
8 8 8 8 8
8 8 8 8 8
8 8 8 2 2
7 7 8 8 8
8 8 8 8 8
8 8 8 8 8
8 8 8 8 8
8 2 2 2 2
7 7 7 8 8
8 8 8 8 8
8 8 8 8 8
8 8 8 8 8
2 2 2 2 2
7 7 7 7 8
8 8 8 8 8
8 8 8 8 8
8 8 8 2 2
2 2 2 2 2
7 7 7 7 7
8 8 8 8 8
8 8 8 8 8
8 8 2 2 2
2 2 2 2 2
7 7 7 7 7
7 8 8 8 8
8 8 8 8 8
2 2 2 2 2
2 2 2 2 2
7 7 7 7 7
7 8 8 8 8
8 8 8 8 2
2 2 2 2 2
2 2 2 2 2
7 7 7 7 7
7 7 8 8 8
8 8 2 2 2
2 2 2 2 2
2 2 2 2 2
7 7 7 7 7
7 7 3 8 8
8 2 2 2 2
2 2 2 2 2
2 2 2 2 9
7 7 7 7 7
7 3 3 3 3
2 2 2 2 2
2 2 2 2 2
2 2 2 9 9
7 7 7 7 7
3 3 3 3 3
2 2 2 2 2
2 2 2 2 2
2 2 9 9 9
7 7 7 3 3
3 3 3 3 3
3 2 2 2 2
2 2 2 2 2
9 9 9 9 9
7 2 2 2 3
3 3 3 3 3
3 2 2 2 2
2 2 2 2 9
9 9 9 9 9
2 2 2 2 3
3 3 3 3 3
3 2 2 2 2
2 2 2 9 9
9 9 9 9 9
2 2 2 2 2
3 3 3 3 3
3 3 2 2 2
2 9 9 9 9
9 9 9 9 9
2 2 2 2 2
3 3 3 3 3
3 0 0 2 2
9 9 9 9 9
9 9 9 9 9
3 2 2 2 2
2 3 3 3 3
0 0 0 0 0
9 9 9 9 9
9 9 9 9 9
3 3 3 2 2
2 1 1 1 1
0 0 0 0 0
9 9 9 9 9
9 9 9 9 9
3 3 3 3 3
1 1 1 1 1
0 0 0 0 0
0 9 9 9 9
9 9 9 9 9
3 3 3 3 3
1 1 1 1 1
0 0 0 0 0
9 9 9 9 9
9 9 9 9 9
3 3 3 3 3
1 1 1 1 1
0 0 0 0 0
9 9 9 9 2
2 2 2 2 2
3 3 3 3 1
1 1 1 1 0
0 0 0 0 9
9 9 9 2 2
2 2 2 2 2
3 3 3 3 1
1 1 1 1 0
0 0 0 0 9
9 9 9 2 2
2 2 9 9 9
3 3 3 3 1
1 1 1 1 0
0 0 0 0 9
9 9 2 2 9
9 9 9 9 9
3 3 3 3 1
1 1 1 1 0
0 0 0 9 9
9 9 9 9 9
9 9 9 9 9
3 3 3 1 1
1 1 1 1 0
0 0 0 9 9
9 9 9 9 9
9 9 9 9 9
3 3 3 1 1
1 1 1 1 0
0 0 9 9 9
9 9 9 9 9
9 9 9 1 1
3 3 3 1 1
1 1 1 0 0
0 0 9 9 9
9 9 9 9 9
9 1 1 1 1
3 3 3 1 1
1 1 1 0 0
0 0 9 9 9
9 9 9 1 1
1 1 1 1 1
3 3 1 1 1
1 1 1 0 0
0 9 9 9 9
1 1 1 1 1
1 1 1 1 1
3 3 1 1 1
1 1 1 0 0
0 9 1 1 1
1 1 1 1 1
1 1 1 1 1
3 3 1 1 1
1 1 1 0 0
1 1 1 1 1
1 1 1 1 1
1 1 1 1 1
