8 8 8 8 8
8 8 8 8 8
8 8 8 8 8
8 8 8 8 8
8 8 8 8 8
8 8 8 8 8
8 8 8 8 8
8 8 8 8 8
8 8 8 8 8
8 8 8 8 8
8 8 8 8 8
8 8 8 8 8
8 8 8 8 8
8 8 8 8 8
8 8 8 8 8
8 8 8 8 8
8 8 8 8 8
8 8 8 8 8
8 8 8 8 8
8 8 8 8 2
4 4 4 8 8
8 8 8 8 8
8 8 8 8 8
8 8 8 8 8
8 8 2 2 2
4 4 4 4 4
8 8 8 8 8
8 8 8 8 8
8 8 8 8 8
2 2 2 2 2
4 4 4 4 4
4 4 4 8 8
8 8 8 8 8
8 8 8 2 2
2 2 2 2 2
4 4 4 4 4
4 4 4 2 2
2 8 8 8 8
8 2 2 2 2
2 2 2 2 2
4 4 4 4 4
4 4 4 2 2
2 2 2 2 8
2 2 2 2 2
2 2 2 2 2
4 4 4 4 4
4 4 2 2 2
2 2 2 2 2
2 2 2 2 2
2 2 2 2 2
4 4 4 4 4
4 2 2 2 2
2 2 2 2 2
2 2 2 2 2
2 2 2 2 2
4 4 4 4 4
4 2 2 2 2
2 2 2 2 2
2 2 2 2 2
2 2 2 2 2
4 4 4 4 4
2 2 2 2 2
2 2 2 2 2
2 2 2 2 2
2 2 2 2 2
4 4 4 4 2
2 2 2 2 2
2 2 2 2 2
2 2 2 2 2
2 2 2 2 2
4 4 4 4 2
2 2 2 2 2
2 2 2 2 2
2 2 2 2 2
2 2 2 2 2
4 4 4 2 2
2 2 2 2 2
2 2 2 2 2
2 2 2 2 2
2 2 2 2 2
4 4 2 2 2
2 2 2 2 2
2 2 2 2 2
2 2 2 2 2
2 2 2 2 2
4 4 2 2 2
2 2 2 2 2
2 2 2 2 2
2 2 2 2 2
2 2 2 2 2
4 2 2 2 2
2 2 2 2 2
2 2 2 2 2
2 2 2 2 2
2 2 2 2 2
2 2 2 2 2
2 2 2 2 2
2 2 2 2 2
2 2 2 2 2
2 2 2 2 2
8 2 2 2 2
2 2 2 0 0
0 2 2 2 2
2 2 2 2 2
2 2 2 2 2
8 8 8 8 8
0 0 0 0 0
0 0 0 2 2
2 2 2 2 2
2 2 2 2 2
8 8 8 8 8
0 0 0 0 0
0 0 0 0 4
4 4 4 4 4
4 4 4 4 4
8 8 8 8 8
0 0 0 0 0
0 0 0 0 4
4 4 4 4 4
4 4 4 4 4
8 8 8 8 8
8 0 0 0 0
0 0 0 3 3
4 4 4 4 4
4 4 4 4 4
8 8 8 8 8
8 3 0 0 0
0 0 0 3 3
4 4 4 4 4
4 4 4 4 4
8 8 8 8 8
3 3 3 0 0
0 0 0 3 3
4 4 4 4 4
4 4 4 4 4
8 8 8 8 8
3 3 3 3 0
0 0 0 3 3
3 4 4 4 4
4 4 4 4 4
8 8 8 8 8
3 3 3 3 3
0 0 0 3 3
3 4 4 4 4
4 4 4 4 4
8 8 8 8 8
3 3 3 3 3
3 0 0 3 3
3 3 4 4 4
4 4 4 4 4
8 8 8 8 8
3 3 3 3 3
3 3 0 3 3
3 3 4 4 4
4 4 4 4 4
8 8 8 8 8
3 3 3 3 3
3 9 9 3 3
3 3 3 4 4
4 4 4 4 4
8 8 8 8 8
3 3 3 9 9
9 9 9 9 3
3 3 3 4 4
4 4 4 4 4
8 8 8 8 8
9 9 9 9 9
9 9 9 9 9
6 3 3 4 9
9 9 9 9 9
8 8 8 8 8
9 9 9 9 9
9 9 9 6 6
6 6 9 9 9
9 9 9 9 9
8 8 8 8 8
9 9 9 9 9
9 6 6 6 6
6 6 9 9 9
9 9 9 9 9
8 8 8 8 9
9 9 9 9 9
6 6 6 6 6
6 6 9 9 9
9 9 9 9 9
8 8 8 8 9
9 9 9 6 6
6 6 6 6 6
6 9 9 9 9
9 9 9 9 9
8 8 8 8 9
9 6 6 6 6
6 6 6 6 6
6 9 9 9 9
9 9 9 9 9
8 8 8 9 6
6 6 6 6 6
6 6 6 6 6
9 9 9 9 9
9 9 9 9 9
8 8 8 6 6
6 6 6 6 6
6 6 6 6 6
9 9 9 9 9
9 9 9 9 9
8 8 6 6 6
6 6 6 6 6
6 6 6 6 5
9 9 9 9 9
9 9 9 9 9
6 6 6 6 6
6 6 6 6 5
5 5 5 5 5
5 9 9 9 9
9 9 9 9 9
6 6 6 6 6
6 6 6 5 5
5 5 5 5 5
5 5 9 9 9
9 5 5 5 5
6 6 6 6 6
6 6 6 6 5
5 5 5 5 5
5 5 5 5 5
5 5 5 5 5
6 6 6 6 6
6 6 6 6 6
5 5 5 5 5
5 5 5 5 5
5 5 5 5 5
6 6 6 6 6
6 6 6 6 6
6 5 5 5 5
5 5 5 5 5
5 5 5 5 5
6 6 6 6 6
6 6 6 6 6
6 6 5 5 5
5 5 5 5 5
5 5 5 5 5
6 6 6 6 6
6 6 6 6 6
6 6 6 5 5
5 5 5 5 5
5 5 5 5 5
6 6 6 6 6
6 6 6 6 6
6 6 6 6 5
5 5 5 5 5
5 5 5 5 5
