4 4 4 4 4
4 4 9 9 9
9 9 9 9 9
9 9 9 9 9
9 9 9 9 9
4 4 4 4 4
4 4 4 9 9
9 9 9 9 9
9 9 9 9 9
9 9 9 9 9
4 4 4 4 4
4 4 4 4 9
9 9 9 9 9
9 9 9 9 9
9 9 9 9 5
4 4 4 4 4
4 4 4 4 9
9 9 9 9 9
9 9 9 9 9
9 9 5 5 5
4 4 4 4 4
4 4 4 4 4
9 9 9 9 9
9 9 9 4 4
4 5 5 5 5
4 4 4 4 4
4 4 4 4 4
4 9 9 4 4
4 4 4 4 4
5 5 5 5 5
4 4 4 4 4
4 4 4 4 4
4 4 4 4 4
4 4 4 4 4
5 5 5 5 5
4 4 4 4 4
4 4 4 4 4
4 4 4 4 4
4 4 4 4 5
5 5 5 5 5
4 4 4 4 4
4 4 4 4 4
4 4 4 4 4
4 4 4 5 5
5 5 5 5 5
4 4 4 4 4
4 4 4 4 4
4 4 4 4 4
4 4 5 5 5
5 5 5 5 5
4 4 4 4 4
4 4 4 4 4
4 4 4 4 4
4 5 5 5 5
5 5 5 5 5
9 9 9 9 9
9 9 9 9 9
9 4 4 4 4
4 5 5 5 5
5 5 5 5 5
9 9 9 9 9
9 9 9 9 9
9 9 4 4 4
5 5 5 5 5
5 5 5 5 5
9 9 9 9 9
9 9 9 9 9
9 9 9 4 5
5 5 5 5 5
5 5 5 5 5
9 9 9 9 9
9 9 9 9 9
9 6 6 6 5
5 5 5 5 5
5 5 5 5 5
9 9 9 9 9
9 9 9 9 9
6 6 6 6 6
5 5 5 5 5
5 5 5 5 5
9 9 9 9 9
9 9 9 6 6
6 6 6 6 6
5 5 5 5 5
5 5 5 5 2
9 9 9 9 9
9 9 6 6 6
6 6 6 6 6
6 5 2 2 2
2 2 2 2 2
9 9 9 9 9
6 6 6 6 6
6 6 6 6 6
6 2 2 2 2
2 2 2 2 2
9 9 9 9 6
6 6 6 6 6
6 6 6 6 6
2 2 2 2 2
2 2 2 2 2
0 0 6 6 6
6 6 6 6 6
6 6 6 6 6
2 2 2 2 2
2 2 2 2 2
0 0 0 0 6
6 6 6 6 6
6 6 6 6 2
2 2 2 2 2
2 2 2 2 2
0 0 0 0 0
0 6 6 6 6
6 6 6 6 2
2 2 2 2 2
2 2 2 2 2
0 0 0 0 0
0 0 0 6 6
6 6 6 6 2
2 2 2 2 2
2 2 2 2 2
0 0 0 0 0
0 0 0 0 0
6 6 6 2 2
2 2 2 2 2
2 2 2 2 2
0 0 0 0 0
0 0 0 0 0
0 6 6 2 2
2 2 2 2 2
2 2 2 2 2
0 0 0 0 0
0 0 0 0 0
0 0 0 2 2
2 2 2 2 2
2 2 2 2 2
0 0 0 0 0
0 0 0 0 0
0 0 0 2 2
2 2 2 2 2
2 2 2 2 2
0 0 0 0 0
0 0 0 0 0
0 0 0 2 2
2 2 2 2 2
2 2 2 7 7
0 0 0 0 0
0 0 0 0 0
0 0 1 1 1
2 2 7 7 7
7 7 7 7 7
9 9 0 0 0
0 0 0 0 0
0 1 1 1 1
1 7 7 7 7
7 7 7 7 7
9 9 9 9 7
7 7 7 7 7
1 1 1 1 1
1 7 7 7 7
7 7 7 7 7
9 9 9 9 7
7 7 7 7 7
1 1 1 1 1
1 1 7 7 7
7 7 7 7 7
9 9 9 7 7
7 7 7 7 1
1 1 1 1 1
1 1 7 7 7
7 7 7 7 7
9 9 9 7 7
7 7 7 7 1
1 1 1 1 1
1 1 7 7 7
7 7 7 7 7
9 9 9 7 7
7 7 7 7 1
1 1 1 1 1
1 1 7 7 7
7 7 7 7 7
9 9 7 7 7
7 7 7 7 1
1 1 1 1 1
1 1 1 7 7
7 7 7 7 7
3 3 7 7 7
7 7 7 1 1
1 1 1 1 1
1 1 1 7 7
7 7 7 7 7
3 3 3 7 7
7 7 7 1 1
1 1 1 1 1
1 1 1 7 7
7 7 7 7 7
3 3 3 3 7
7 7 7 1 1
1 1 1 1 1
1 1 1 1 7
7 7 7 7 7
3 3 3 3 3
3 3 3 1 1
1 1 1 1 1
1 1 1 1 7
7 7 7 7 7
3 3 3 3 3
3 3 3 3 8
8 1 1 1 1
1 1 1 1 7
7 7 7 7 7
3 3 3 3 3
3 3 3 8 8
8 8 8 8 8
8 1 1 1 1
7 7 7 7 7
3 3 3 3 3
3 3 3 8 8
8 8 8 8 8
8 8 8 8 8
7 7 7 7 7
3 3 3 3 3
3 3 3 8 8
8 8 8 8 8
8 8 8 8 8
8 7 7 7 7
3 3 3 3 3
3 3 3 8 8
8 8 8 8 8
8 8 8 8 8
8 8 7 7 7
3 3 3 3 3
3 3 8 8 8
8 8 8 8 8
8 8 8 8 8
8 8 8 7 7
3 3 3 3 3
3 3 8 8 8
8 8 8 8 8
8 8 8 8 8
8 8 8 8 7
3 3 3 3 3
3 3 8 8 8
8 8 8 8 8
8 8 8 8 8
8 8 8 8 8
3 3 3 3 3
3 3 8 8 8
8 8 8 8 8
8 8 8 8 8
8 8 8 8 8
