7 7 7 4 4
4 4 4 4 4
4 4 4 4 4
4 4 4 4 4
4 4 4 4 4
7 7 7 4 4
4 4 4 4 4
4 4 4 4 4
4 4 4 4 4
4 4 4 4 4
7 7 7 7 4
4 4 4 4 4
4 4 4 4 4
4 4 4 4 4
4 4 4 4 4
7 7 7 7 4
4 4 4 4 4
4 4 4 4 4
4 4 4 4 4
4 4 4 4 4
7 7 7 7 7
4 4 4 4 4
4 4 4 4 4
4 4 4 4 4
4 4 4 4 4
7 7 7 7 7
7 4 4 4 4
4 4 4 4 4
4 4 4 4 4
4 4 4 4 4
7 7 7 7 7
7 4 4 4 4
4 4 4 4 4
4 4 4 4 4
4 4 4 4 4
7 7 7 7 7
7 7 4 4 4
4 4 4 4 4
4 4 4 4 4
4 4 4 4 4
7 7 7 7 7
7 7 4 4 4
4 4 4 4 4
4 9 9 4 4
4 4 4 4 4
7 7 7 7 7
7 7 7 4 4
4 4 4 4 4
9 9 9 4 4
4 4 4 4 4
7 7 7 7 7
7 7 7 7 4
4 4 4 9 9
9 9 9 4 4
4 4 4 4 4
7 7 7 7 7
7 7 7 7 4
4 4 9 9 9
9 9 9 4 4
4 4 4 4 4
7 7 7 7 7
7 7 7 7 7
9 9 9 9 9
9 9 9 9 4
4 4 4 4 4
7 7 7 7 7
7 7 7 7 7
9 9 9 9 9
9 9 9 9 4
4 4 4 4 4
7 7 7 7 7
7 7 7 7 7
9 9 9 9 9
9 9 9 9 4
4 4 4 4 4
1 1 1 7 7
7 7 7 7 7
9 9 9 9 9
9 9 9 9 4
4 4 4 4 4
1 1 1 1 1
1 7 7 7 7
9 9 9 9 9
9 9 9 9 4
4 4 4 4 4
1 1 1 1 1
1 1 1 7 7
9 9 9 1 1
1 1 1 1 1
1 4 4 4 4
1 1 1 1 1
1 1 1 1 1
1 1 1 1 1
1 1 1 1 1
1 1 1 4 4
1 1 1 1 1
1 1 1 1 1
1 1 1 1 1
1 1 1 1 1
1 1 1 1 1
1 1 1 1 1
1 1 1 1 1
1 1 1 1 1
1 1 1 1 1
1 1 1 1 1
1 1 1 1 1
1 1 1 1 1
1 1 1 1 1
1 1 1 1 1
1 1 1 1 1
1 1 1 1 1
1 1 1 1 1
1 1 1 1 1
1 1 1 1 1
1 1 1 1 1
1 1 1 1 1
1 1 1 1 1
1 1 1 1 1
1 1 1 1 1
1 1 1 1 1
1 1 1 1 1
1 1 1 1 1
1 1 1 1 1
1 1 1 1 1
1 1 1 1 6
1 1 1 1 1
9 9 9 9 1
1 1 1 1 1
1 1 1 1 1
1 1 1 6 6
9 9 9 9 9
9 9 9 9 2
2 2 2 2 2
1 1 1 1 1
1 6 6 6 6
9 9 9 9 9
9 9 9 9 2
2 2 2 2 2
2 2 2 2 2
6 6 6 6 6
9 9 9 9 9
9 9 9 9 2
2 2 2 2 2
2 2 2 2 2
6 6 6 6 6
9 9 9 9 9
9 9 9 9 2
2 2 2 2 2
2 2 2 2 2
6 6 6 6 6
9 9 9 9 9
9 9 9 9 2
2 2 2 2 2
2 2 2 2 2
6 6 6 6 6
9 9 9 9 9
9 9 9 9 2
2 2 2 2 2
2 2 2 2 2
6 6 6 6 6
9 9 9 9 9
9 9 9 9 2
2 2 2 2 2
2 2 2 2 2
6 6 6 6 6
9 9 9 9 9
9 9 9 9 2
2 2 2 2 2
2 2 2 2 2
6 6 6 6 6
5 5 5 5 5
5 5 5 5 5
2 2 2 2 2
2 2 2 2 2
6 6 6 6 6
5 5 5 5 5
5 5 5 5 5
2 2 2 2 2
2 2 2 2 2
6 6 6 6 6
5 5 5 5 5
5 5 5 5 5
2 2 2 2 2
2 2 2 2 8
6 6 6 6 6
5 5 5 5 5
5 5 5 5 5
2 2 2 2 2
2 2 8 8 8
8 8 6 6 6
5 5 5 5 5
5 5 5 5 5
2 2 2 2 8
8 8 8 8 8
8 8 8 8 6
5 5 5 5 5
5 5 5 5 5
5 8 8 8 8
8 8 8 8 8
8 8 8 8 8
5 5 5 5 5
5 5 5 5 5
8 8 8 8 8
8 8 8 8 8
8 8 8 8 8
5 5 5 5 5
5 5 5 5 5
8 8 8 8 8
8 8 8 8 8
8 8 8 1 1
8 8 8 8 8
8 8 5 5 7
8 8 8 8 8
8 8 8 8 8
8 8 1 1 1
8 8 8 8 8
8 8 8 8 7
7 7 7 7 8
8 8 8 8 8
1 1 1 1 1
8 8 8 8 8
8 8 8 8 7
7 7 7 7 7
7 7 8 8 1
1 1 1 1 1
8 8 8 8 8
8 8 8 8 7
7 7 7 7 7
7 7 7 7 1
1 1 1 1 1
8 8 8 8 8
8 8 8 8 7
7 7 7 7 7
7 7 7 7 1
1 1 5 5 5
8 8 8 8 8
8 8 8 8 7
7 7 7 7 7
7 7 7 7 5
5 5 5 5 5
8 8 8 8 8
8 8 8 8 7
7 7 7 7 7
7 7 7 7 5
5 5 5 5 5
8 8 8 8 8
8 8 8 8 7
7 7 7 7 7
7 7 7 7 5
5 5 5 5 5
