3 3 3 3 3
3 3 3 3 3
3 3 3 9 9
9 9 9 9 9
9 8 8 8 8
3 3 3 3 3
3 3 3 3 3
3 3 9 9 9
9 9 9 9 9
9 8 8 8 8
3 3 3 3 3
3 3 3 3 3
3 3 9 9 9
9 9 9 9 9
9 8 8 8 8
3 3 3 3 3
3 3 3 3 3
3 9 9 9 9
9 9 9 9 9
9 8 8 8 8
3 3 3 3 3
3 3 3 3 3
3 9 9 9 9
9 9 9 9 9
9 8 8 8 8
3 3 3 3 3
3 3 3 3 3
9 9 9 9 9
9 9 9 9 9
9 8 8 8 8
3 3 3 3 3
3 3 3 3 3
9 9 9 9 9
9 9 9 9 9
8 8 8 8 8
3 3 3 3 3
3 3 3 3 3
9 9 9 9 9
9 9 9 9 9
8 8 8 8 8
3 3 3 3 3
3 3 3 9 9
9 9 9 9 9
9 9 9 9 9
8 8 8 8 8
3 3 3 3 3
3 9 9 9 9
9 9 9 9 9
9 9 9 9 9
8 8 8 8 8
3 3 3 3 9
9 9 9 9 9
9 9 9 9 9
9 9 9 9 9
8 8 8 8 8
3 3 9 9 9
9 9 9 9 9
9 9 9 9 9
9 9 9 9 9
8 8 8 8 8
9 9 9 9 9
9 9 9 9 9
9 9 9 9 9
9 9 9 9 8
8 8 8 8 8
9 9 9 9 9
9 9 9 9 9
9 9 4 4 9
9 9 9 9 8
8 8 8 8 8
9 9 9 9 9
9 9 9 9 9
9 4 4 4 4
9 9 9 6 6
6 6 6 6 6
9 9 9 9 9
9 9 9 9 9
9 4 4 4 4
4 4 6 6 6
6 6 6 6 6
9 9 9 9 9
9 9 9 9 9
4 4 4 4 4
4 4 6 6 6
6 6 6 6 6
9 9 9 9 9
9 9 9 9 4
4 4 4 4 4
4 4 6 6 6
6 6 6 6 6
9 9 9 9 9
9 9 9 4 4
4 4 4 4 4
4 4 6 6 6
6 6 6 6 6
9 9 9 9 9
9 9 4 4 4
4 4 4 4 4
4 4 6 6 6
6 6 6 6 6
9 9 9 9 9
7 7 7 4 4
4 4 4 4 4
4 4 6 6 6
6 6 3 3 3
5 7 7 7 7
7 7 7 7 7
7 7 7 4 4
4 4 3 3 3
3 3 3 3 3
5 5 7 7 7
7 7 7 7 7
7 7 7 7 7
7 3 3 3 3
3 3 3 3 3
5 5 7 7 7
7 7 7 7 7
7 7 7 7 7
7 7 3 3 3
3 3 3 3 3
5 5 5 7 7
7 7 7 7 7
7 7 7 7 7
7 7 3 3 3
3 3 3 3 3
5 5 5 0 7
7 7 7 7 7
7 7 7 7 7
7 7 3 3 3
3 3 3 3 3
5 5 5 5 0
0 7 7 7 7
7 7 7 7 7
7 7 3 3 3
3 3 3 5 5
5 5 5 5 0
0 0 0 7 7
7 7 7 7 7
7 7 2 2 2
2 5 5 5 5
5 5 5 5 0
0 0 0 0 0
7 7 7 7 7
7 2 2 2 2
2 2 5 5 5
5 5 5 5 0
0 0 0 0 0
0 0 7 7 7
7 2 2 2 2
2 2 2 2 5
5 5 5 5 0
0 0 0 0 0
0 0 0 0 7
7 2 2 2 2
2 2 2 2 2
5 5 5 5 0
0 0 0 0 0
0 0 0 0 0
1 2 2 2 2
2 2 2 2 2
5 5 5 5 0
0 0 0 0 0
0 0 0 1 1
1 2 2 2 2
2 2 2 2 2
5 5 5 5 0
0 0 0 0 0
0 1 1 1 1
1 1 2 2 2
2 2 2 2 2
5 5 5 5 5
0 0 0 1 1
1 1 1 1 1
1 1 1 2 2
2 2 2 2 2
5 5 5 5 5
0 1 1 1 1
1 1 1 1 1
1 1 1 2 2
2 2 2 2 2
5 5 5 5 5
1 1 1 1 1
1 1 1 1 1
1 1 1 1 2
2 2 2 2 2
5 5 5 5 1
1 1 1 1 1
1 1 1 1 1
1 1 1 1 2
2 2 2 2 2
5 5 5 1 1
1 1 1 1 1
1 1 1 1 1
1 1 1 1 1
2 2 2 2 2
7 7 7 7 1
1 1 1 1 1
1 1 1 1 1
1 1 1 1 1
1 2 2 2 2
7 7 7 7 7
1 1 1 1 1
1 1 1 1 1
1 1 1 1 1
1 2 2 2 2
7 7 7 7 7
7 1 1 1 1
1 1 1 1 1
1 1 1 1 1
1 1 2 2 2
7 7 7 7 7
7 5 5 5 1
1 1 1 1 1
1 1 1 1 1
1 1 2 2 2
7 7 7 7 7
7 5 5 5 5
5 5 1 1 1
1 1 1 1 1
1 1 1 2 2
7 7 7 7 7
7 5 5 5 5
5 5 5 5 5
5 1 1 1 1
1 1 1 1 2
7 7 7 7 7
5 5 5 5 5
5 5 5 5 5
5 5 5 5 1
1 1 1 1 2
7 7 7 7 7
5 5 5 5 5
5 5 5 5 5
5 5 5 5 5
5 5 5 1 1
7 7 7 7 7
5 5 5 5 5
5 5 5 5 5
5 5 5 5 5
5 5 5 5 5
7 7 7 7 7
5 5 5 5 5
5 5 5 5 5
5 5 5 5 5
5 5 5 5 5
7 7 7 7 7
5 5 5 5 5
5 5 5 5 5
5 5 5 5 5
5 5 5 5 5
