9 9 9 9 9
9 9 9 9 9
9 9 9 9 9
9 9 9 9 9
9 9 9 9 9
9 9 9 9 9
9 9 9 9 9
9 9 9 9 9
9 9 9 9 9
9 9 9 9 9
6 9 9 9 9
9 9 9 9 9
9 9 9 9 9
9 9 9 9 9
9 9 9 9 9
6 6 9 9 9
9 9 9 9 9
9 9 9 9 9
9 9 9 9 9
9 9 9 9 9
6 6 6 9 9
9 9 9 9 9
9 9 9 9 9
9 9 9 9 9
9 9 9 9 9
6 6 6 6 6
9 9 9 9 9
9 9 9 9 9
9 9 9 9 9
9 9 9 9 9
6 6 6 6 6
6 9 9 9 9
9 9 9 9 9
9 9 9 9 9
9 9 9 9 9
6 6 6 6 6
6 6 9 9 9
9 9 9 9 9
9 9 9 9 9
9 9 9 9 9
6 6 6 6 6
6 6 6 9 9
9 9 9 9 9
9 9 9 9 9
9 9 9 9 9
6 6 6 6 6
6 6 6 6 6
9 9 9 9 9
9 9 9 9 9
9 9 9 9 9
6 6 6 6 6
6 6 6 6 6
6 9 9 9 9
9 9 9 9 9
9 9 9 9 9
6 6 6 6 6
6 6 6 6 6
6 6 9 9 9
9 9 9 9 9
9 9 9 9 9
6 6 6 6 6
6 6 6 6 6
6 6 6 9 9
9 9 9 9 9
9 9 9 9 9
6 6 6 6 6
6 6 6 6 6
6 6 6 5 5
5 9 9 9 9
9 9 9 9 9
6 6 6 6 6
6 6 6 6 6
6 6 5 5 5
5 5 5 5 9
9 9 9 9 9
6 6 6 6 6
6 6 6 6 6
6 5 5 5 5
5 5 5 5 5
5 5 5 9 9
6 6 6 6 6
6 6 6 6 6
5 5 5 5 5
5 5 5 5 5
5 5 5 5 7
6 6 6 6 6
6 6 6 5 5
5 5 5 5 5
5 5 5 5 5
5 5 5 7 7
6 6 6 6 6
6 6 5 5 5
5 5 5 5 5
5 5 5 5 5
5 5 7 7 7
6 6 6 6 6
6 5 5 5 5
5 5 5 5 5
5 5 5 5 5
7 7 7 7 7
6 6 6 6 6
5 5 5 5 5
5 5 5 5 5
5 5 5 5 7
7 7 7 7 7
6 6 6 6 5
5 5 5 5 5
5 5 5 5 5
5 5 5 7 7
7 7 7 7 7
2 2 2 2 5
5 5 5 5 5
5 5 5 5 5
5 5 7 7 7
7 7 7 7 7
2 2 2 2 2
5 5 5 5 5
5 5 5 5 5
5 7 7 7 7
7 7 7 7 7
2 2 2 2 2
5 5 5 5 5
5 5 5 5 5
7 7 7 7 7
7 7 7 7 7
2 2 2 2 2
2 5 5 5 5
5 5 5 5 7
7 7 7 7 7
7 7 7 7 7
2 2 2 2 2
2 2 5 5 5
5 5 5 7 7
7 7 7 7 7
7 7 7 7 7
2 2 2 2 2
2 2 5 5 5
5 7 7 7 7
7 7 7 7 7
7 7 7 7 7
2 2 2 2 2
2 2 2 5 5
7 7 7 7 7
7 7 7 7 7
7 7 7 7 7
2 2 2 2 2
2 2 9 9 9
7 7 7 7 7
7 7 7 7 7
7 7 7 7 7
2 2 2 2 2
2 9 9 9 9
9 7 7 7 7
7 7 7 7 7
7 7 7 7 3
2 2 2 2 2
9 9 9 9 9
9 7 7 7 7
7 7 7 7 7
7 3 3 3 3
0 0 0 0 9
9 9 9 9 9
9 7 7 7 7
7 7 7 7 3
3 3 3 3 3
0 0 0 0 9
9 9 9 9 9
9 9 7 7 7
7 3 3 3 3
3 3 3 3 3
0 0 0 0 0
9 9 9 9 9
9 9 7 3 3
3 3 3 3 3
3 3 3 3 3
0 0 0 0 0
9 9 9 9 9
9 0 3 3 3
3 3 3 3 3
3 3 3 3 3
0 0 0 0 0
0 0 0 0 0
0 0 0 3 3
3 3 3 3 3
3 3 3 3 3
0 0 0 0 0
0 0 0 0 0
0 0 1 3 3
3 3 3 3 3
3 3 3 3 3
0 0 0 0 0
0 0 0 0 0
0 1 1 1 3
3 3 3 3 3
3 3 3 3 3
0 0 0 0 0
0 0 0 0 0
1 1 1 1 1
3 3 3 3 3
3 3 3 3 3
0 0 0 0 0
0 0 0 0 1
1 1 1 1 1
1 3 3 3 3
3 3 3 3 2
2 0 0 0 0
0 0 1 1 1
1 1 1 1 1
1 3 3 3 3
3 2 2 2 2
2 2 2 2 0
0 1 1 1 1
1 1 1 1 1
1 1 1 1 2
2 2 2 2 2
2 2 2 2 2
2 1 1 1 1
1 1 1 1 1
1 1 1 1 2
2 2 2 2 2
2 2 2 2 2
2 1 1 1 1
1 1 1 1 1
1 1 1 1 2
2 2 2 2 2
2 2 2 2 2
2 2 1 1 1
1 1 1 1 1
1 1 1 1 2
2 2 2 2 2
2 2 2 2 2
2 2 1 1 1
1 1 1 1 1
1 1 1 1 2
2 2 2 2 2
2 2 2 2 2
2 1 1 1 1
1 1 1 1 1
1 1 1 1 2
2 2 2 2 2
2 2 2 2 2
2 1 1 1 1
1 1 1 1 1
1 1 1 1 2
2 2 2 2 2
2 2 2 2 2
2 1 1 1 1
1 1 1 1 1
1 1 1 1 2
2 2 2 2 2
