5 5 5 5 5
5 5 5 9 9
9 9 9 9 9
9 9 9 9 9
9 9 9 9 9
5 5 5 5 5
5 5 9 9 9
9 9 9 9 9
9 9 9 9 9
9 9 9 9 9
5 5 5 5 5
5 5 9 9 9
9 9 9 9 9
9 9 9 9 9
9 9 9 9 9
5 5 5 5 5
5 5 9 9 9
9 9 9 9 9
9 9 9 9 9
9 9 9 9 9
5 5 5 5 5
5 9 9 9 9
9 9 9 9 9
9 9 9 9 9
9 9 9 9 9
5 5 5 5 5
5 9 9 9 9
9 9 9 9 9
9 9 9 9 9
9 9 9 9 9
5 5 5 5 5
5 9 9 9 9
9 9 9 9 9
9 9 9 9 9
9 9 9 9 9
5 5 5 5 5
9 9 9 9 9
9 9 9 9 9
9 9 9 9 9
9 9 9 8 8
5 5 5 5 5
9 9 9 9 9
9 9 9 9 9
9 9 9 9 9
9 8 8 8 8
5 5 5 5 5
9 9 9 9 9
9 9 9 9 9
9 9 9 9 8
8 8 8 8 8
5 5 5 5 9
9 9 9 9 9
9 9 9 9 9
9 9 8 8 8
8 8 8 8 8
5 5 5 5 9
9 9 9 9 9
9 9 9 9 9
8 8 8 8 8
8 8 8 8 8
5 5 5 9 9
9 9 9 9 9
9 9 9 8 8
8 8 8 8 8
8 8 8 8 8
5 3 3 3 3
3 9 9 9 9
9 8 8 8 8
8 8 8 8 8
8 8 8 8 8
3 3 3 3 3
3 3 3 3 8
8 8 8 8 8
8 8 8 8 8
8 8 8 8 8
3 3 3 3 3
3 3 3 3 8
8 8 8 8 8
8 8 8 8 8
8 8 8 8 8
3 3 3 3 3
3 3 3 3 8
8 8 8 8 8
8 8 8 8 8
8 8 8 8 8
3 3 3 3 3
3 3 3 5 8
8 8 8 8 8
8 8 8 8 8
8 8 8 8 8
5 5 3 3 3
3 3 5 5 8
8 8 8 8 8
8 8 8 8 8
8 8 8 8 8
5 5 5 5 5
3 5 5 5 5
8 8 8 8 8
8 8 8 8 8
8 8 8 8 6
5 5 5 5 5
5 5 5 5 5
8 8 8 8 8
8 8 8 8 8
8 8 8 6 6
5 5 5 5 5
5 5 5 5 5
8 8 8 8 8
8 8 8 8 8
8 8 6 6 6
5 5 5 5 5
5 5 5 5 5
8 8 8 8 8
8 8 8 8 8
6 6 6 6 6
5 5 5 5 5
5 5 5 5 5
8 8 8 8 8
8 8 8 8 6
6 6 6 6 6
5 5 5 5 5
5 5 2 2 2
2 2 8 8 8
8 8 8 6 6
6 6 6 6 6
3 3 5 5 5
2 2 2 2 2
2 2 2 2 8
8 6 6 6 6
6 6 6 6 6
3 3 3 2 2
2 2 2 2 2
2 2 2 2 2
6 6 6 6 6
6 6 6 6 6
3 3 3 3 2
2 2 2 2 2
2 2 2 2 2
6 6 6 6 6
6 6 6 6 6
3 3 3 3 2
2 2 2 2 2
2 2 2 2 2
6 6 6 6 6
6 6 6 6 6
3 3 3 3 2
2 2 2 2 2
2 2 2 2 2
6 6 6 6 6
6 6 6 6 6
3 3 3 3 3
2 2 2 2 2
2 2 2 2 2
6 6 6 6 6
6 6 6 6 6
3 3 3 3 3
2 2 2 2 2
2 2 2 2 2
1 1 1 1 1
1 6 6 6 6
3 3 3 3 3
2 2 2 2 2
2 2 2 2 1
1 1 1 1 1
1 1 1 1 1
3 3 3 3 4
4 4 4 4 4
4 2 2 2 1
1 1 1 1 1
1 1 1 1 1
3 3 3 3 4
4 4 4 4 4
4 4 4 4 1
1 1 1 1 1
1 1 1 1 1
3 3 3 4 4
4 4 4 4 4
4 4 4 4 4
1 1 1 1 1
1 1 1 1 1
3 3 4 4 4
4 4 4 4 4
4 4 4 4 4
1 1 1 1 1
1 1 1 1 1
3 4 4 4 4
4 4 4 4 4
4 4 4 4 4
1 1 1 1 1
1 1 1 1 1
4 4 4 4 4
4 4 4 4 4
4 4 4 4 4
1 1 1 1 1
1 1 1 1 1
4 4 4 4 4
4 4 4 4 4
4 4 4 4 4
4 0 0 0 0
0 0 0 0 0
4 4 4 4 4
4 4 4 4 4
4 4 4 4 4
4 0 0 0 0
0 0 0 0 0
4 4 4 4 4
4 4 4 4 4
4 4 4 4 4
0 0 0 0 0
0 0 0 0 0
4 4 4 4 4
4 4 4 4 4
4 4 4 4 4
0 0 0 0 0
0 0 0 0 0
4 4 4 4 4
4 4 4 4 4
4 4 4 4 4
0 0 0 0 0
0 0 0 0 0
4 4 4 4 4
4 4 4 4 4
4 4 4 4 0
0 0 0 0 0
0 0 0 0 0
4 4 4 4 2
2 2 2 2 2
2 2 2 2 0
0 0 0 0 0
0 0 0 0 0
2 2 2 2 2
2 2 2 2 2
2 2 2 2 0
0 0 0 0 0
0 0 0 0 0
2 2 2 2 2
2 2 2 2 2
2 2 2 2 2
0 0 0 0 0
0 0 0 0 0
2 2 2 2 2
2 2 2 2 2
2 2 2 2 2
0 0 0 0 0
0 0 0 0 0
2 2 2 2 2
2 2 2 2 2
2 2 2 2 2
0 0 0 0 0
0 0 0 0 0
