6 6 6 6 6
6 6 6 6 6
6 6 6 6 6
6 6 6 6 6
6 6 6 6 6
6 6 6 6 6
6 6 6 6 6
6 6 6 6 6
6 6 6 6 6
6 6 6 6 6
6 6 6 6 6
6 6 6 6 6
6 6 6 6 6
6 6 6 6 6
6 6 6 6 6
1 1 1 6 6
6 6 6 6 6
6 6 6 6 6
6 6 6 6 6
6 6 6 6 6
1 1 1 1 1
1 1 6 6 6
6 6 6 6 6
6 6 6 6 6
6 6 6 6 6
1 1 1 1 1
1 1 1 1 1
6 6 6 6 6
6 6 6 6 6
6 6 6 6 6
1 1 1 1 1
1 1 1 1 1
1 1 6 6 6
6 6 6 6 6
6 6 6 6 6
1 1 1 1 1
1 1 1 1 1
1 1 1 6 6
6 6 6 6 6
6 6 6 6 6
1 1 1 1 1
1 1 1 1 1
1 1 1 1 4
6 6 6 6 6
6 6 6 6 6
1 1 1 1 1
1 1 1 1 1
1 1 1 4 4
4 4 6 6 6
6 6 6 6 6
1 1 1 1 1
1 1 1 1 1
1 1 4 4 4
4 4 4 6 6
6 6 6 6 6
1 1 1 1 1
1 1 1 1 1
1 4 4 4 4
4 4 4 2 2
2 2 2 2 2
3 1 1 1 1
1 1 1 1 1
1 4 4 4 4
4 4 2 2 2
2 2 2 2 2
3 3 1 1 1
1 1 1 1 1
4 4 4 4 4
4 2 2 2 2
2 2 2 2 2
3 3 3 1 1
1 1 1 1 4
4 4 4 4 2
2 2 2 2 2
2 2 2 2 2
3 3 3 3 1
1 1 1 4 4
4 4 4 2 2
2 2 2 2 2
2 2 2 2 2
3 3 3 3 3
1 1 1 4 4
4 1 2 2 2
2 2 2 2 2
2 2 2 2 2
3 3 3 3 3
3 1 1 1 1
1 1 1 1 2
2 2 2 2 2
2 2 2 2 2
3 3 3 3 3
3 3 1 1 1
1 1 1 1 1
2 2 2 2 2
2 2 2 2 2
3 3 3 3 3
3 3 1 1 1
1 1 1 1 1
1 1 2 2 2
2 2 2 2 2
3 3 3 3 3
3 3 1 1 1
1 1 1 1 1
1 1 1 1 2
2 2 2 2 2
3 3 3 3 3
3 3 1 1 1
1 1 1 1 1
1 1 1 1 9
9 9 2 2 2
3 3 3 3 3
3 3 0 1 1
1 1 9 9 9
9 9 9 9 9
9 9 9 9 9
3 3 3 0 0
0 0 0 9 9
9 9 9 9 9
9 9 9 9 9
9 9 9 9 9
0 0 0 0 0
0 0 0 9 9
9 9 9 9 9
9 9 9 9 9
9 9 9 9 9
0 0 0 0 0
0 0 0 9 9
9 9 9 9 9
9 9 9 9 9
9 9 9 8 8
0 0 0 0 0
0 0 0 9 9
9 9 9 9 9
9 9 9 9 9
9 8 8 8 8
0 0 0 0 0
0 0 0 9 9
9 9 9 9 9
9 9 9 8 8
8 8 8 8 8
0 0 0 0 0
0 0 0 9 9
9 9 9 9 9
9 8 8 8 8
8 8 8 8 8
0 0 0 0 0
0 0 3 3 3
3 9 9 8 8
8 8 8 8 8
8 8 8 8 8
0 0 0 0 0
0 3 3 3 3
3 3 8 8 8
8 8 8 8 8
8 8 8 8 8
0 5 5 5 5
5 3 3 3 3
3 3 3 8 8
8 8 8 8 8
8 8 8 8 8
5 5 5 5 5
5 3 3 3 3
3 3 3 8 8
8 8 8 8 8
8 8 8 8 8
5 5 5 5 5
5 3 3 3 3
3 3 3 3 8
8 8 8 8 8
8 8 8 8 8
5 5 5 5 5
5 3 3 3 3
3 3 3 3 3
8 8 8 8 8
8 8 8 8 8
5 5 5 5 5
5 5 3 3 3
3 3 3 3 3
8 8 8 8 8
8 8 8 8 8
5 5 5 5 5
5 5 3 3 3
3 3 3 3 3
3 8 8 8 8
8 8 8 8 8
5 5 5 5 5
5 5 3 3 3
3 3 3 3 3
3 8 8 8 8
8 8 8 8 8
5 5 5 5 5
5 5 3 3 3
3 3 3 3 3
3 7 7 7 7
7 7 7 7 7
5 5 5 5 5
5 4 4 3 3
3 3 3 3 3
7 7 7 7 7
7 7 7 7 7
9 9 9 5 5
4 4 4 4 4
4 3 3 3 7
7 7 7 7 7
7 7 7 7 7
9 9 9 9 9
4 4 4 4 4
4 4 4 7 7
7 7 7 7 7
7 7 7 7 7
9 9 9 9 9
4 4 4 4 4
4 4 4 7 7
7 7 7 7 7
7 7 7 7 7
9 9 9 9 9
4 4 4 4 4
4 4 4 7 7
7 7 7 7 7
7 7 7 7 7
9 9 9 9 9
4 4 4 4 4
4 4 4 7 7
7 7 7 7 7
7 7 7 7 7
9 9 9 9 9
4 4 4 4 4
4 4 4 7 7
7 7 7 7 7
7 7 7 7 7
9 9 9 9 9
4 4 4 4 4
4 4 4 7 7
7 7 7 7 7
7 7 7 7 7
9 9 9 9 9
4 4 4 4 4
4 4 4 7 7
7 7 7 7 7
7 7 7 7 7
9 9 9 9 9
4 4 4 4 4
4 4 4 7 7
7 7 7 7 7
7 7 7 7 7
9 9 9 9 9
4 4 4 4 4
4 4 4 7 7
7 7 7 7 7
7 7 7 7 7
