2 2 2 2 2
2 2 2 2 2
2 2 2 2 2
2 2 2 2 2
2 7 7 7 7
2 2 2 2 2
2 2 2 2 2
2 2 2 2 2
2 2 2 2 7
7 7 7 7 7
2 2 2 2 2
2 2 2 2 2
2 2 2 2 2
2 2 2 7 7
7 7 7 7 7
2 2 2 2 2
2 2 2 2 2
2 2 2 2 2
2 7 7 7 7
7 7 7 7 7
2 2 2 2 2
2 2 2 2 2
2 2 2 2 7
7 7 7 7 7
7 7 7 7 7
2 2 2 2 2
2 2 2 2 2
2 2 7 7 7
7 7 7 7 7
7 7 7 7 7
2 2 2 2 2
2 2 2 2 2
7 7 7 7 7
7 7 7 7 7
7 7 7 7 7
2 2 2 2 2
2 2 2 7 7
7 7 7 7 7
7 7 7 7 7
7 7 7 7 7
4 4 4 4 4
4 4 4 7 7
7 7 7 7 7
7 7 7 7 7
7 7 7 7 7
4 4 4 4 4
4 4 4 4 7
7 7 7 7 7
7 7 7 7 7
7 7 7 7 7
4 4 4 4 4
4 4 4 4 4
7 7 7 7 7
7 7 7 7 7
7 7 7 7 7
4 4 4 4 4
4 4 4 4 4
4 7 7 7 7
7 7 7 7 7
7 7 7 7 7
4 4 4 4 4
4 4 4 4 4
4 4 4 7 7
7 7 7 7 7
7 7 7 7 7
4 4 4 4 4
4 4 4 4 4
4 4 4 4 7
7 7 7 7 7
7 7 7 7 7
4 4 4 4 4
4 4 4 4 4
4 4 4 4 4
7 7 7 7 7
7 7 7 7 7
4 4 4 4 4
4 4 4 4 4
4 4 4 4 4
4 7 7 7 7
7 7 7 7 7
4 4 4 4 4
4 4 4 4 4
4 4 4 4 4
4 4 4 7 7
7 7 7 7 7
4 4 4 4 4
4 4 4 4 4
4 4 4 4 4
4 4 4 4 7
7 7 7 7 7
4 4 4 4 4
4 4 4 4 4
4 4 4 4 4
4 4 4 4 4
7 7 7 7 7
4 4 4 4 4
4 4 4 4 4
4 4 4 4 4
4 4 4 4 4
4 9 9 9 9
3 3 3 3 3
3 3 3 3 3
3 3 3 3 3
3 3 3 3 9
9 9 9 9 9
0 3 3 3 3
3 3 3 3 3
3 3 3 3 3
3 3 3 9 9
9 9 4 9 9
0 0 3 3 3
3 3 3 3 3
3 3 3 3 3
3 3 9 9 9
9 9 4 9 9
0 0 9 3 3
3 3 3 3 3
3 3 3 3 3
3 9 9 9 9
9 4 9 9 9
0 0 9 9 9
3 3 3 3 3
3 3 3 3 3
9 9 9 9 9
9 4 9 9 9
0 0 0 9 9
9 3 3 3 3
3 3 3 3 9
9 9 9 9 9
4 4 9 9 9
0 0 0 9 9
9 9 3 3 3
3 3 3 9 9
9 9 9 9 9
4 4 9 9 9
0 0 0 9 9
9 9 9 9 3
3 3 9 9 9
9 9 9 9 4
4 4 9 9 9
0 0 0 9 9
9 9 9 9 9
3 3 9 9 9
9 9 9 9 4
4 9 9 9 9
0 0 0 9 9
9 9 9 9 1
1 1 9 9 9
9 9 9 4 4
4 9 9 9 9
0 0 0 0 9
9 9 9 1 1
1 1 9 9 9
9 9 9 4 4
4 9 9 9 9
0 0 0 0 9
9 9 1 1 1
1 1 1 9 9
9 9 4 4 4
4 9 9 9 9
0 0 0 0 9
9 1 1 1 1
1 1 1 9 9
9 9 4 4 4
4 9 9 9 9
0 0 0 0 9
1 1 1 1 1
1 1 1 1 9
9 4 4 4 4
4 9 9 9 0
0 0 0 0 1
1 1 1 1 1
1 1 1 1 9
9 4 4 8 8
8 0 0 0 0
0 0 0 0 1
1 1 1 1 1
1 1 1 1 8
8 8 8 8 8
8 0 0 0 0
0 0 0 0 1
1 1 1 1 1
1 1 1 1 8
8 8 8 8 8
8 8 0 0 0
0 0 0 0 1
1 1 1 1 1
1 1 1 8 8
8 8 8 8 8
8 8 0 0 0
0 0 0 1 1
1 1 1 1 1
1 8 8 8 8
8 8 8 8 8
8 8 8 0 0
0 0 0 1 1
1 1 1 1 1
8 8 8 8 8
8 8 8 8 8
8 8 8 0 0
0 0 0 1 1
1 1 1 1 8
8 8 8 8 8
8 8 8 8 8
8 8 8 8 0
0 0 0 1 1
1 1 1 8 8
8 8 8 8 8
8 8 8 8 8
8 8 8 8 0
0 0 1 1 6
6 6 6 6 8
8 8 8 8 8
8 8 8 8 8
8 8 8 8 8
0 0 6 6 6
6 6 6 6 6
6 8 8 8 8
8 8 8 8 8
5 5 5 5 5
6 6 6 6 6
6 6 6 6 6
6 6 6 8 8
8 8 8 5 5
5 5 5 5 5
6 6 6 6 6
6 6 6 6 6
6 6 6 6 6
8 5 5 5 5
5 5 5 5 5
6 6 6 6 6
6 6 6 6 6
6 6 6 6 6
5 5 5 5 5
5 5 5 5 5
6 6 6 6 6
6 6 6 6 6
6 6 6 6 6
6 5 5 5 5
5 5 5 5 5
6 6 6 6 6
6 6 6 6 6
6 6 6 6 6
6 5 5 5 5
5 5 5 5 5
6 6 6 6 6
6 6 6 6 6
6 6 6 6 6
6 5 5 5 5
5 5 5 5 5
