4 4 8 8 8
8 8 8 8 8
8 8 8 8 8
8 8 8 8 8
8 8 8 8 8
4 4 8 8 8
8 8 8 8 8
8 8 8 8 8
8 8 8 8 8
8 8 8 8 8
4 4 4 8 8
8 8 8 8 8
8 8 8 8 8
8 8 8 8 8
8 8 8 8 8
4 4 4 4 8
8 8 8 8 8
8 8 8 8 8
8 8 8 8 8
8 8 8 8 8
4 4 4 4 8
8 8 8 8 8
8 8 8 8 8
8 8 8 8 8
8 8 8 8 8
4 4 4 4 4
8 8 8 8 8
8 8 8 8 8
8 8 8 8 8
8 8 8 8 8
4 4 4 4 4
4 8 8 8 8
8 8 8 8 8
8 8 8 8 8
8 8 8 8 8
4 4 4 4 4
4 8 8 8 8
8 8 8 8 8
8 8 8 5 8
8 8 8 8 8
4 4 4 4 4
4 4 8 8 8
8 8 8 8 8
8 5 5 5 5
8 8 8 8 8
4 4 4 4 4
4 4 4 8 8
8 8 8 8 5
5 5 5 5 5
8 8 8 8 8
4 4 4 4 4
4 4 4 8 8
8 8 5 5 5
5 5 5 5 5
5 8 8 8 8
4 4 4 4 4
4 4 4 4 8
5 5 5 5 5
5 5 5 5 5
5 5 8 8 8
4 4 4 4 4
4 4 4 4 5
5 5 5 5 5
5 5 5 5 5
5 5 5 8 8
4 4 4 4 4
4 4 4 4 5
5 5 5 5 5
5 5 5 5 5
5 5 5 5 8
4 4 4 4 4
4 4 4 1 1
5 5 5 5 5
5 5 5 5 5
5 5 5 5 5
4 4 4 4 4
4 4 1 1 1
1 1 5 5 5
5 5 5 5 5
5 5 5 5 5
4 4 4 4 4
1 1 1 1 1
1 1 1 5 5
5 5 5 5 5
5 5 5 5 5
2 2 2 4 1
1 1 1 1 1
1 1 1 5 5
5 5 5 5 5
5 5 5 5 5
2 2 2 2 1
1 1 1 1 1
1 1 9 9 5
5 5 5 5 5
5 5 5 5 5
2 2 2 2 1
1 1 1 1 1
1 1 9 9 9
5 5 5 5 5
5 5 5 5 5
2 2 2 2 2
1 1 1 1 1
2 2 9 9 9
9 5 5 5 5
5 5 5 5 5
2 2 2 2 2
2 1 2 2 2
2 2 9 9 9
9 9 5 5 5
5 5 5 5 5
2 2 2 2 2
2 2 2 2 2
2 2 2 9 9
9 9 5 5 5
5 5 5 5 5
2 2 2 2 2
2 2 2 2 2
2 2 2 9 9
9 9 9 5 5
5 5 5 5 5
2 2 2 2 2
2 2 2 2 2
2 2 2 9 9
9 9 9 9 5
5 5 5 5 5
2 2 2 2 2
2 2 2 2 2
2 2 2 9 9
9 9 9 9 9
5 5 5 5 5
2 2 2 2 2
2 2 2 2 2
2 2 2 2 9
9 9 9 9 9
9 5 5 5 5
2 2 2 2 2
2 2 2 2 2
2 2 2 2 9
9 9 6 6 6
6 6 6 6 6
2 2 2 2 2
2 2 2 2 2
2 2 2 6 6
6 6 6 6 6
6 6 6 6 6
2 2 2 2 2
2 2 2 2 2
2 2 6 6 6
6 6 6 6 6
6 6 6 6 6
2 2 2 9 9
9 9 9 9 1
1 1 6 6 6
6 6 6 6 6
6 6 6 6 6
9 9 9 9 9
9 9 9 9 1
1 1 6 6 6
6 6 6 6 6
6 6 6 6 6
9 9 9 9 9
9 9 9 9 1
1 1 1 6 6
6 6 6 6 6
6 6 6 6 6
9 9 9 9 9
9 9 9 9 1
1 1 1 6 6
6 6 6 6 6
6 6 6 6 6
9 9 9 9 9
9 9 9 9 1
1 1 1 1 6
6 6 6 6 6
6 6 6 6 6
9 9 9 9 9
9 9 9 9 1
1 1 1 1 6
6 6 6 6 6
6 6 6 6 6
3 9 9 9 9
9 9 9 9 9
1 1 1 1 1
6 6 6 6 6
6 6 6 6 6
3 3 3 9 9
9 9 9 9 9
1 1 1 1 1
1 6 6 6 6
6 6 6 7 7
3 3 3 3 9
9 9 9 9 9
1 1 1 1 1
1 6 6 6 6
6 6 7 7 7
3 3 3 3 3
9 9 9 9 9
1 1 1 1 1
1 1 6 6 6
7 7 7 7 7
3 3 3 3 3
3 9 9 9 9
1 1 1 1 1
1 1 0 0 0
7 7 7 7 7
3 3 3 3 3
3 3 3 9 9
1 1 1 1 1
1 0 0 0 0
7 7 7 7 7
3 3 3 3 3
3 3 3 3 9
1 1 1 1 1
0 0 0 0 0
0 7 7 7 7
3 3 3 3 3
3 3 3 3 3
1 1 1 1 0
0 0 0 0 0
0 7 7 7 7
3 3 3 3 3
3 3 3 3 3
3 1 0 0 0
0 0 0 0 0
0 7 7 7 7
3 3 3 3 3
3 3 3 3 3
3 0 0 0 0
0 0 0 0 0
0 0 7 7 7
3 3 3 3 3
3 3 3 3 3
3 0 0 0 0
0 0 0 0 0
0 0 7 7 7
3 3 3 3 3
3 3 3 3 3
3 0 0 0 0
0 0 0 0 0
0 0 0 7 7
3 3 3 3 3
3 3 3 3 3
3 0 0 0 0
0 0 0 0 0
0 0 0 7 7
3 3 3 3 3
3 3 3 3 3
0 0 0 0 0
0 0 0 0 0
0 0 0 7 7
