2 2 2 2 2
2 2 2 2 2
2 2 6 6 6
6 6 6 6 6
6 6 6 6 6
2 2 2 2 2
2 2 2 2 2
2 2 2 6 6
6 6 6 6 6
6 6 6 6 6
2 2 2 2 2
2 2 2 2 2
2 2 2 6 6
6 6 6 6 6
6 6 6 6 6
2 2 2 2 2
2 2 2 2 2
2 2 2 2 6
6 6 6 6 6
6 6 6 6 6
2 2 2 2 2
2 2 2 2 2
2 2 2 2 6
6 6 6 6 6
6 6 6 6 6
2 2 2 2 2
2 2 2 2 2
2 2 2 2 6
6 6 6 6 6
6 6 6 6 6
2 2 2 2 2
2 2 2 2 2
2 2 2 2 2
6 6 6 6 6
6 6 6 6 6
2 2 2 2 2
2 2 2 2 2
2 2 2 2 4
4 6 6 6 6
6 6 6 6 6
2 2 2 2 2
2 2 2 2 2
2 2 4 4 4
4 4 4 6 6
6 6 6 6 6
2 2 2 2 2
2 2 2 2 4
4 4 4 4 4
4 4 4 4 4
6 6 6 6 6
2 2 2 2 2
2 2 2 4 4
4 4 4 4 4
4 4 4 4 4
4 6 6 6 6
2 2 2 2 2
2 2 2 4 4
4 4 4 4 4
4 4 4 4 4
4 4 4 6 6
2 2 2 2 2
2 2 4 4 4
4 4 4 4 4
4 4 4 4 4
4 4 4 4 4
2 2 2 2 2
2 2 4 4 4
4 4 4 4 4
4 4 4 4 4
4 4 4 4 4
3 7 7 7 7
7 7 4 4 4
4 4 4 4 4
4 4 4 4 4
4 4 4 4 4
3 7 7 7 7
7 7 7 4 4
4 4 4 4 4
4 4 4 4 4
4 4 4 4 4
3 3 7 7 7
7 7 7 7 4
4 4 4 4 4
4 4 4 4 4
4 4 4 4 4
3 3 7 7 7
7 7 7 7 7
4 4 4 4 4
4 4 4 4 4
4 4 4 4 4
3 3 7 7 7
7 7 7 7 7
7 4 4 4 4
4 4 4 4 4
4 4 4 4 4
3 3 3 7 7
7 7 7 7 7
7 7 4 4 4
4 4 4 4 4
4 4 9 9 9
3 3 3 7 7
7 7 7 7 7
7 7 7 4 4
4 4 4 4 4
9 9 9 9 9
3 3 3 3 7
7 7 7 7 7
7 7 7 7 7
7 7 0 0 0
9 9 9 9 9
3 3 3 3 7
7 7 7 7 7
7 7 7 7 7
7 0 0 0 9
9 9 9 9 9
3 3 3 3 7
7 7 7 7 7
7 7 7 7 7
7 0 0 0 9
9 9 9 9 9
3 3 3 3 3
7 7 7 7 7
7 7 7 7 7
7 0 0 0 9
9 9 9 9 8
3 3 3 3 3
7 7 7 7 7
7 7 7 7 7
0 0 0 0 9
9 9 9 9 8
3 3 3 3 3
7 7 7 7 7
7 7 7 7 7
0 0 0 0 9
9 9 9 9 8
3 3 3 3 3
3 7 7 7 7
7 7 7 7 7
0 0 0 9 9
9 9 9 9 8
3 3 3 3 3
7 7 7 7 7
7 7 7 7 7
0 0 0 9 9
9 9 9 8 8
3 3 3 3 7
7 7 7 7 7
7 7 7 7 0
0 0 0 9 9
9 9 9 8 8
3 3 3 7 7
7 7 7 7 7
7 7 7 7 0
0 0 0 9 9
9 9 9 8 8
3 3 7 7 7
7 7 7 7 7
7 7 7 7 0
0 0 0 9 9
9 9 8 8 8
3 8 8 8 8
8 7 7 7 7
7 7 7 0 0
0 0 0 9 9
9 9 8 8 8
8 8 8 8 8
8 8 8 8 8
8 8 7 0 0
0 0 9 9 9
9 9 8 8 8
8 8 8 8 8
8 8 8 8 8
8 8 8 8 0
0 0 9 9 9
9 8 8 8 8
1 1 8 8 8
8 8 8 8 8
8 8 8 8 8
0 0 9 9 9
9 1 1 1 1
1 1 1 8 8
8 8 8 8 8
8 8 8 8 8
8 8 9 9 9
1 1 1 1 1
1 1 1 1 1
8 8 8 8 8
8 8 8 8 8
8 8 9 9 1
1 1 1 1 1
1 1 1 1 1
1 1 8 8 8
8 8 8 8 8
8 8 8 1 1
1 1 1 1 1
1 1 1 1 1
1 1 1 8 8
8 8 8 8 8
8 8 8 1 1
1 1 1 1 1
1 1 1 1 1
1 1 1 1 1
8 8 8 8 8
8 8 8 1 1
1 1 1 1 1
1 1 1 1 1
1 1 1 1 1
1 8 8 8 8
8 5 5 5 1
1 1 1 1 1
1 1 1 1 1
1 1 1 1 1
1 1 9 9 5
5 5 5 5 5
5 1 1 1 1
1 1 1 1 1
1 1 1 1 1
1 9 9 9 5
5 5 5 5 5
5 5 1 1 1
1 1 1 1 1
1 1 1 1 1
9 9 9 9 5
5 5 5 5 5
5 5 5 1 1
1 1 1 1 1
1 1 1 9 9
9 9 9 9 5
5 5 5 5 5
5 5 5 5 5
1 1 1 1 1
1 1 9 9 9
9 9 9 5 5
5 5 5 5 5
5 5 5 5 5
1 1 1 1 1
1 9 9 9 9
9 9 9 5 5
5 5 5 5 5
5 5 5 5 5
1 1 1 1 1
9 9 9 9 9
9 9 9 5 5
5 5 5 5 5
5 5 5 5 5
1 1 1 1 9
9 9 9 9 9
9 9 9 5 5
5 5 5 5 5
5 5 5 5 5
