6 6 6 6 6
6 6 9 9 9
9 9 0 0 0
0 0 0 0 1
1 1 1 1 1
6 6 6 6 6
6 6 6 9 9
9 9 9 0 0
0 0 0 1 1
1 1 1 1 1
6 6 6 6 6
6 6 6 9 9
9 9 9 9 0
0 0 0 1 1
1 1 1 1 1
6 6 6 6 6
6 6 6 6 9
9 9 9 9 0
0 0 1 1 1
1 1 1 1 1
6 6 6 6 6
6 6 6 6 9
9 9 9 9 9
0 1 1 1 1
1 1 1 1 1
6 6 6 6 6
6 6 6 6 9
9 9 9 9 9
9 1 1 1 1
1 1 1 1 1
6 6 6 6 6
6 6 6 6 6
9 9 9 9 9
9 1 1 1 1
1 1 1 1 1
6 6 6 6 6
6 6 6 6 6
9 9 9 9 9
9 1 1 1 1
1 1 1 1 1
6 6 6 6 6
6 6 6 6 6
6 9 9 9 9
9 1 1 1 1
1 1 8 8 8
6 6 6 6 6
6 6 6 6 6
6 9 9 9 9
9 1 1 8 8
8 8 8 8 8
6 6 6 6 6
6 6 6 6 6
6 6 9 9 9
9 8 8 8 8
8 8 8 8 8
6 6 6 6 6
6 6 6 6 6
6 6 9 9 9
8 8 8 8 8
8 8 8 8 8
3 3 3 3 3
6 6 6 6 6
6 6 6 9 8
8 8 8 8 8
8 8 8 8 8
3 3 3 3 3
3 3 3 3 3
8 8 8 8 8
8 8 8 8 8
8 8 8 8 8
3 3 3 3 3
3 3 3 3 3
8 8 8 8 8
8 8 8 8 8
8 8 8 8 8
3 3 3 3 3
3 3 3 3 8
8 8 8 8 8
8 8 8 8 8
8 8 8 8 8
3 3 3 3 3
3 3 3 3 8
8 8 8 8 8
8 8 8 8 8
8 8 8 8 8
9 3 3 3 3
3 3 3 3 8
8 8 8 8 8
8 8 8 8 8
8 8 8 8 8
9 9 3 3 3
3 3 3 8 8
8 8 8 8 8
8 8 8 8 8
8 8 8 8 8
9 9 9 3 3
3 3 3 8 8
8 8 8 8 8
8 8 8 8 8
8 8 8 8 8
9 9 9 9 3
3 3 3 8 8
8 8 8 8 8
8 8 8 8 4
4 4 4 4 4
9 9 9 9 9
3 3 8 8 8
8 8 8 8 8
8 8 8 4 4
4 4 4 4 4
9 9 9 9 9
7 7 0 0 8
8 8 8 8 8
8 8 4 4 4
4 4 4 4 4
9 9 9 9 7
7 7 0 0 0
0 0 0 8 8
8 8 4 4 4
4 4 4 4 4
9 9 7 7 7
7 7 0 0 0
0 0 0 0 0
0 4 4 4 4
4 4 4 4 4
9 7 7 7 7
7 7 0 0 0
0 0 0 0 0
0 4 4 4 4
4 4 4 4 4
7 7 7 7 7
7 7 0 0 0
0 0 0 0 0
0 4 4 4 4
4 4 4 4 4
7 7 7 7 7
7 7 0 0 0
0 0 0 0 0
0 4 4 4 4
4 4 4 4 4
7 7 7 7 7
7 7 0 0 0
0 0 0 0 0
0 4 4 4 4
4 4 4 4 4
7 7 7 7 7
7 7 7 0 0
0 0 0 0 0
0 4 4 4 4
4 4 4 4 4
7 7 7 7 7
7 7 7 0 0
0 0 0 0 0
0 4 4 4 4
4 4 4 4 4
7 7 7 7 7
7 7 7 0 0
0 0 0 2 2
2 2 4 4 4
4 4 4 4 4
7 7 7 7 7
7 7 7 0 0
2 2 2 2 2
2 2 2 4 4
4 4 4 4 4
7 7 7 7 7
7 7 2 2 2
2 2 2 2 2
2 2 2 2 2
4 4 4 4 4
5 5 5 5 5
5 2 2 2 2
2 2 2 2 2
2 2 2 2 2
2 4 4 4 4
5 5 5 5 5
5 2 2 2 2
2 2 2 2 2
2 2 2 2 2
2 2 4 4 4
5 5 5 5 5
5 5 2 2 2
2 2 2 2 2
2 2 2 2 2
2 2 2 2 4
5 5 5 5 5
5 5 2 2 2
2 2 2 2 2
2 2 2 2 2
2 2 2 2 2
5 5 5 5 5
5 5 2 2 2
2 2 2 2 2
2 2 2 2 2
2 2 2 2 2
5 5 5 5 5
5 5 5 2 2
2 2 2 2 2
2 2 2 2 2
2 2 2 2 2
5 5 5 5 5
5 5 5 2 2
2 2 2 2 2
2 2 2 2 2
2 2 2 2 2
5 5 5 5 5
5 5 5 9 2
2 2 2 2 2
2 2 2 2 2
2 2 2 2 2
5 5 5 5 5
5 5 5 9 9
9 2 2 2 2
2 2 2 2 2
2 2 2 2 2
5 5 5 5 5
5 5 9 9 9
9 5 5 2 2
2 2 2 2 2
2 2 2 2 2
5 5 5 5 5
5 9 9 9 9
9 5 5 5 5
5 5 2 2 2
2 2 2 2 2
5 5 5 5 5
5 9 9 9 9
5 5 5 5 5
5 5 5 5 5
5 2 2 2 2
5 5 5 5 5
9 9 9 9 9
5 5 5 5 5
5 5 5 5 5
5 5 5 5 5
5 5 5 5 5
9 9 9 9 9
5 5 5 5 5
5 5 5 5 5
5 5 5 5 5
5 5 5 5 9
9 9 9 9 5
5 5 5 5 5
5 5 5 5 5
5 5 5 5 5
5 5 5 5 9
9 9 9 9 5
5 5 5 5 5
5 5 5 5 5
5 5 5 5 5
