9 9 9 9 9
9 9 9 9 9
9 9 9 9 5
5 5 5 5 5
5 5 5 5 5
9 9 9 9 9
9 9 9 9 9
9 9 9 9 9
5 5 5 5 5
5 5 5 5 5
9 9 9 9 9
9 9 9 9 9
9 9 9 9 9
5 5 5 5 5
5 5 5 5 5
9 9 9 9 9
9 9 9 9 9
9 9 9 9 9
5 5 5 5 5
5 5 5 5 5
9 9 9 9 9
9 9 9 9 9
9 9 9 9 9
9 5 5 5 5
5 5 5 5 5
1 9 9 9 9
9 9 9 9 9
9 9 9 9 9
9 5 5 5 5
5 5 5 5 5
1 1 9 9 9
9 9 9 9 9
9 9 9 9 9
9 5 5 5 5
5 5 5 5 5
1 1 1 9 9
9 9 9 9 9
9 9 9 9 9
9 5 5 5 5
5 5 5 5 5
1 1 1 3 8
8 8 8 8 8
8 8 8 8 8
8 8 5 5 5
5 5 5 5 5
1 1 1 3 3
8 8 8 8 8
8 8 8 8 8
8 8 5 5 5
5 5 5 5 5
1 1 1 3 3
3 8 8 8 8
8 8 8 8 8
8 8 8 5 5
5 5 5 5 5
1 1 1 3 3
3 3 8 8 8
8 8 8 8 8
8 8 8 7 7
5 5 5 5 5
2 1 1 3 3
3 3 3 8 8
8 8 8 8 8
8 8 7 7 7
7 7 7 7 7
2 2 1 3 3
3 3 3 3 8
8 8 8 8 8
8 7 7 7 7
7 7 7 7 7
2 2 1 3 3
3 3 3 3 3
8 8 8 8 8
7 7 7 7 7
7 7 7 7 7
2 2 2 3 3
3 3 3 3 3
3 8 8 8 7
7 7 7 7 7
7 7 7 7 7
2 2 2 3 3
3 3 3 3 3
3 3 8 7 7
7 7 7 7 7
7 7 7 7 7
2 2 2 3 3
3 3 3 3 3
3 3 7 7 7
7 7 7 7 7
7 7 7 7 7
2 2 2 2 3
3 3 3 3 3
3 7 7 7 7
7 7 7 7 7
7 7 7 7 7
2 2 2 2 3
3 3 3 3 3
3 7 7 7 7
7 7 7 7 7
7 7 7 7 7
2 2 2 2 4
4 4 4 4 4
4 7 7 7 7
7 7 7 7 7
7 7 7 7 7
2 4 4 4 4
4 4 4 4 4
4 7 7 7 7
7 7 7 7 7
7 7 7 7 7
4 4 4 4 4
4 4 4 4 4
4 4 7 7 7
7 7 7 7 7
7 7 7 7 7
4 4 4 4 4
4 4 4 4 4
4 4 7 7 7
7 7 7 7 7
7 7 7 7 7
4 4 4 4 4
4 4 4 4 4
4 4 4 7 7
7 7 7 7 7
7 7 7 7 7
4 4 4 4 4
4 4 4 4 4
4 4 4 7 7
7 7 7 7 7
7 7 7 7 7
4 4 4 4 4
4 4 4 4 4
4 4 4 4 7
7 7 7 7 7
7 7 7 7 7
4 4 4 4 4
4 4 4 4 4
4 4 4 1 1
7 7 7 7 7
7 7 7 7 7
4 4 4 4 4
4 4 4 4 4
4 4 4 1 1
1 1 7 7 7
7 7 7 7 7
4 4 4 4 4
4 4 4 4 4
4 4 1 1 1
1 1 1 1 7
7 7 7 7 7
4 4 4 4 4
4 4 4 4 4
4 1 1 1 1
1 1 1 1 1
1 7 7 7 7
4 4 4 4 4
4 4 4 4 4
1 1 1 1 1
1 1 1 1 1
1 1 1 7 7
4 4 4 4 4
4 4 4 4 1
1 1 1 1 1
1 1 1 1 1
1 1 1 1 1
4 4 4 4 4
4 4 4 1 1
1 1 1 1 1
1 1 1 1 1
1 1 1 1 1
9 4 4 4 4
4 4 1 1 1
1 1 1 1 1
1 1 1 1 1
1 1 1 1 1
9 9 9 9 4
4 1 1 1 1
1 1 1 1 1
1 1 1 1 1
1 1 1 1 3
9 9 9 9 9
9 1 1 1 1
1 1 1 1 1
1 1 1 1 1
1 3 3 3 3
9 9 9 9 9
9 1 1 1 1
1 1 1 1 1
1 1 1 1 3
3 3 3 3 3
9 9 9 9 9
9 2 2 2 2
2 2 1 1 1
1 1 3 3 3
3 3 3 3 3
9 9 9 9 9
9 2 2 2 2
2 2 2 2 2
3 3 3 3 3
3 3 3 3 3
9 9 9 9 9
9 9 2 2 2
2 2 2 2 2
3 3 3 3 3
3 3 3 3 3
9 9 9 9 9
9 9 2 2 2
2 2 2 2 2
3 3 3 3 3
3 3 3 3 3
9 9 9 9 9
9 9 2 2 2
2 2 2 2 3
3 3 3 3 3
3 3 3 3 1
9 9 9 9 9
9 9 2 2 2
2 2 2 2 7
3 3 1 1 1
1 1 1 1 1
9 9 9 9 9
9 9 2 2 2
2 2 2 7 7
7 1 1 1 1
1 1 1 1 1
9 9 9 9 9
9 9 2 2 2
2 2 7 7 7
7 7 1 1 1
1 1 1 1 1
9 9 9 9 9
9 9 2 2 2
2 7 7 7 7
7 1 1 1 1
1 1 1 1 1
9 9 9 9 9
9 9 2 2 2
7 7 7 7 7
7 1 1 1 1
1 1 1 1 1
9 9 9 9 9
9 9 2 2 7
7 7 7 7 7
1 1 1 1 1
1 1 1 1 1
9 9 9 9 9
9 9 2 7 7
7 7 7 7 1
1 1 1 1 1
1 1 1 1 1
