7 7 7 7 7
7 7 7 7 7
7 7 7 7 7
7 2 2 2 2
2 3 3 3 3
7 7 7 7 7
7 7 7 7 7
7 7 7 7 7
7 2 2 2 2
2 3 3 3 3
7 7 7 7 7
7 7 7 7 7
7 7 7 7 7
2 2 2 2 2
2 3 3 3 3
7 7 7 7 7
7 7 7 7 7
7 7 7 7 7
2 2 2 2 2
2 3 3 3 3
7 7 7 7 7
7 7 7 7 7
7 7 7 7 7
2 2 2 2 2
2 3 3 3 3
7 7 7 7 7
7 7 7 7 7
7 7 7 7 7
2 2 2 2 2
2 3 3 3 3
7 7 7 7 7
7 7 7 7 7
7 7 7 7 2
2 2 2 2 2
2 3 3 3 3
7 7 7 7 7
7 7 7 7 7
7 7 7 7 2
2 2 2 2 2
2 3 3 3 3
7 7 7 7 7
7 7 7 7 7
7 7 7 7 2
2 2 2 2 2
2 3 3 3 3
7 7 7 7 7
7 7 7 7 7
7 7 7 2 2
2 2 2 2 2
2 3 3 3 3
7 7 7 7 7
7 7 7 7 7
7 7 7 2 2
2 2 2 2 2
2 3 3 3 3
7 7 7 7 7
7 7 7 7 7
7 7 7 2 2
2 2 2 2 2
2 3 3 3 3
1 1 1 1 7
7 7 7 7 7
7 5 5 5 2
2 2 2 2 2
2 3 3 3 3
1 1 1 1 1
1 1 1 1 1
5 5 5 5 5
5 2 2 2 2
2 2 3 3 3
1 1 1 1 1
1 1 1 1 1
5 5 5 5 5
5 5 5 5 2
2 2 3 3 3
1 1 1 1 1
1 1 1 1 1
5 5 5 5 5
5 5 5 5 5
5 5 3 3 3
1 1 1 1 1
1 1 1 1 1
5 5 5 5 5
5 5 5 5 5
5 5 5 3 3
1 1 1 1 1
1 1 1 1 1
1 5 5 5 5
5 5 5 5 5
5 5 5 5 3
1 1 1 1 1
1 1 1 1 1
1 5 5 5 5
5 5 5 5 5
5 5 5 5 5
1 1 1 1 1
1 1 1 1 1
1 5 5 5 5
5 5 5 5 5
5 5 5 5 9
1 1 1 1 1
1 1 1 1 1
1 5 5 5 5
5 5 5 5 5
5 5 5 9 9
1 1 1 1 1
1 1 1 1 1
1 5 5 5 5
5 5 5 5 5
5 5 9 9 9
1 1 1 1 1
1 1 1 1 1
1 1 5 5 5
5 5 5 5 5
5 9 9 9 9
1 1 1 1 1
1 1 1 1 1
1 1 5 5 5
5 5 5 5 5
9 9 9 9 9
1 1 1 1 1
1 1 1 1 1
1 1 5 5 5
5 5 5 5 9
9 9 9 9 9
1 1 1 1 1
1 1 1 1 8
8 8 8 8 5
5 5 5 9 9
9 9 9 9 9
3 1 1 1 1
1 8 8 8 8
8 8 8 8 8
8 8 9 9 9
9 9 9 9 9
3 3 3 3 3
8 8 8 8 8
8 8 8 8 8
8 8 9 9 9
9 9 9 9 9
3 3 3 3 3
3 8 8 8 8
8 8 8 8 8
8 8 9 9 9
9 9 9 9 9
3 3 3 3 3
3 3 8 8 8
8 8 8 8 8
8 8 9 9 9
9 9 9 9 9
3 3 3 3 3
3 3 8 8 8
8 8 8 8 8
8 8 9 9 9
9 9 9 9 9
3 3 3 3 3
3 3 3 8 8
8 8 8 8 8
8 8 9 9 9
9 9 9 9 9
3 3 3 3 3
3 3 3 3 8
8 8 8 8 1
1 1 1 9 9
9 9 9 9 9
3 3 3 3 3
3 3 3 3 8
1 1 1 1 1
1 1 1 1 9
9 9 9 9 9
3 3 3 3 3
3 3 3 3 1
1 1 1 1 1
1 1 1 1 9
9 9 9 9 9
9 3 3 3 3
3 3 3 1 1
1 1 1 1 1
1 1 1 1 1
9 9 9 9 9
9 9 9 9 9
9 3 3 1 1
1 1 1 1 1
1 1 1 1 1
9 9 9 9 9
9 9 9 9 9
9 9 9 1 1
1 1 1 1 1
1 1 1 1 1
1 9 9 9 9
9 9 9 9 9
9 9 9 1 1
1 1 1 1 1
1 1 1 1 1
1 9 9 9 9
9 9 9 9 4
4 4 4 4 1
1 1 1 1 1
1 1 1 1 1
1 1 9 9 9
4 4 4 4 4
4 4 4 9 9
9 9 9 9 9
1 1 1 1 1
6 6 6 6 6
4 4 4 4 4
4 4 4 9 9
9 9 9 9 9
9 4 4 4 6
6 6 6 6 6
4 4 4 4 4
4 4 4 9 9
9 9 9 9 9
4 4 4 4 6
6 6 6 6 6
4 4 4 4 4
4 4 9 9 9
9 9 9 4 4
4 4 4 6 6
6 6 6 6 6
4 4 4 4 4
4 4 9 9 9
9 9 4 4 4
4 4 6 6 6
6 6 6 6 6
4 4 4 4 4
4 9 9 9 9
9 4 4 4 4
4 4 6 6 6
6 6 6 6 6
4 4 4 4 4
4 9 9 9 4
4 4 4 4 4
4 6 6 6 6
6 6 6 6 6
4 4 4 4 4
4 9 9 4 4
4 4 4 4 4
6 6 6 6 6
6 6 6 6 6
4 4 4 4 4
9 9 4 4 4
4 4 4 4 4
6 6 6 6 6
6 6 6 6 6
4 4 4 4 4
4 4 4 4 4
4 4 4 4 6
6 6 6 6 6
6 6 6 6 6
