7 7 7 7 4
4 4 4 4 4
4 4 4 4 4
4 4 4 4 4
4 4 4 6 6
7 7 7 7 4
4 4 4 4 4
4 4 4 4 4
4 4 4 4 4
4 4 6 6 6
7 7 7 7 4
4 4 4 4 4
4 4 4 4 4
4 4 4 4 4
4 4 6 6 6
7 7 7 7 4
4 4 4 4 4
4 4 4 4 4
4 4 4 4 4
4 6 6 6 6
7 7 7 7 4
4 4 4 4 4
4 4 4 4 4
4 4 4 4 4
4 6 6 6 6
7 7 7 7 4
4 4 4 4 4
4 4 4 4 4
4 4 4 4 4
4 6 6 6 6
7 7 7 4 4
4 4 4 4 4
4 4 4 4 4
4 4 4 4 4
6 6 6 6 6
7 7 7 4 4
4 4 4 4 4
4 4 4 4 4
4 4 4 4 4
6 6 6 6 6
7 7 7 4 4
4 4 4 4 4
4 4 4 3 4
4 4 4 4 6
6 6 5 5 5
7 7 7 4 4
4 4 4 4 4
4 3 3 3 3
3 3 3 3 3
5 5 5 5 5
7 7 4 4 4
4 4 2 2 2
2 3 3 3 3
3 3 3 3 3
5 5 5 5 5
0 0 0 2 2
2 2 2 2 2
2 3 3 3 3
3 3 3 3 3
3 5 5 5 5
0 0 0 2 2
2 2 2 2 2
2 3 3 3 3
3 3 3 3 3
3 5 5 5 5
0 0 0 2 2
2 2 2 2 2
2 2 3 3 3
3 3 3 3 3
3 3 5 5 5
0 0 0 0 2
2 2 2 2 2
2 2 3 3 3
3 3 3 3 3
3 3 5 5 5
0 0 0 0 2
2 2 2 2 2
2 2 2 3 3
3 3 3 3 3
3 3 3 5 5
0 0 0 0 0
2 2 2 2 2
2 2 2 3 3
3 3 3 3 3
3 3 3 5 5
0 0 0 0 0
2 2 2 2 2
2 2 2 3 3
3 3 3 3 3
3 3 3 3 5
0 0 0 0 0
2 2 2 2 2
2 2 7 7 7
3 3 3 3 3
3 3 3 3 5
0 0 0 0 0
0 2 2 2 2
2 7 7 7 7
7 7 3 3 3
3 3 3 3 3
0 0 0 0 0
0 0 2 4 4
4 7 7 7 7
7 7 7 7 3
3 3 3 3 3
0 0 0 0 0
0 0 4 4 4
4 7 7 7 7
7 7 7 7 7
7 3 3 3 3
0 0 0 0 0
0 0 4 4 4
4 7 7 7 7
7 7 7 7 7
7 7 7 3 3
0 0 0 0 0
0 0 4 4 4
4 7 7 7 7
7 7 7 7 7
7 7 7 7 7
0 0 0 0 0
0 0 4 4 4
4 7 7 7 7
7 7 7 7 7
7 7 7 7 7
0 0 0 0 0
0 4 4 4 4
1 1 1 7 7
7 7 7 7 7
7 7 7 7 7
0 0 0 0 0
0 6 1 1 1
1 1 1 1 1
1 7 7 7 7
7 7 7 7 7
0 0 0 6 6
6 6 6 1 1
1 1 1 1 1
1 1 1 1 1
7 7 7 7 7
6 6 6 6 6
6 6 6 6 1
1 1 1 1 1
1 1 1 1 1
1 1 1 7 7
6 6 6 6 6
6 6 6 6 1
1 1 1 1 1
1 1 1 1 1
1 1 1 1 1
6 6 6 6 6
6 6 6 6 6
1 1 1 1 1
1 1 1 1 1
1 1 1 1 1
6 6 6 6 6
6 6 6 6 6
6 1 1 1 1
1 1 1 1 1
1 1 1 1 1
6 6 6 6 6
6 6 6 6 6
6 6 1 1 1
1 1 1 1 1
1 1 1 1 1
6 6 6 6 6
6 6 6 6 6
6 6 1 1 1
1 1 1 1 1
1 1 1 1 1
6 6 6 6 6
6 6 6 6 6
6 6 6 1 1
1 1 1 1 1
1 1 1 1 1
6 6 6 6 6
6 6 6 6 6
6 6 6 6 1
1 1 1 1 1
1 1 1 1 1
6 6 6 6 6
6 6 6 6 6
6 6 9 9 9
1 1 1 1 1
1 1 1 1 1
9 9 9 9 9
9 9 9 9 9
9 9 9 9 9
9 9 9 9 9
1 1 1 1 1
9 9 9 9 9
9 9 9 9 9
9 9 9 9 9
9 9 9 9 9
9 9 9 9 9
9 9 9 9 9
9 9 9 9 9
9 9 9 9 9
9 9 9 9 9
9 9 9 9 9
9 9 9 9 9
9 9 9 9 9
9 9 9 9 9
9 9 9 9 9
9 9 9 9 9
9 9 9 9 9
9 9 9 9 9
9 9 9 9 9
9 9 9 9 9
9 9 9 9 9
9 9 9 9 9
9 9 9 9 9
9 9 9 9 9
9 9 9 9 9
9 9 9 9 9
9 9 9 9 9
9 9 9 9 9
9 9 9 9 9
9 9 9 9 9
9 9 9 9 9
9 9 9 9 9
9 9 9 9 9
9 9 9 9 9
9 9 9 9 9
9 9 9 9 9
9 9 9 9 9
9 9 9 9 9
9 9 9 9 9
9 9 9 9 9
9 9 9 9 9
9 9 9 9 9
9 9 9 9 9
9 9 9 9 9
9 9 9 9 9
9 9 9 9 9
9 9 9 9 9
9 9 9 9 9
9 9 9 9 9
9 9 9 9 9
9 9 9 9 9
9 9 9 9 9
9 9 9 9 9
9 9 9 9 9
9 9 9 9 9
9 9 9 9 9
9 9 9 9 9
9 9 9 9 9
9 9 9 9 9
9 9 9 9 9
9 9 9 9 9
