4 4 4 4 4
4 6 6 5 5
5 5 5 5 5
5 5 5 5 0
0 0 0 0 0
4 4 4 4 4
4 6 6 6 5
5 5 5 5 5
5 5 5 5 8
0 0 0 0 0
4 4 4 4 4
6 6 6 6 9
9 5 5 5 5
5 5 5 5 8
8 8 0 0 0
4 4 4 4 4
6 6 6 6 9
9 9 9 5 5
5 5 5 8 8
8 8 8 8 0
4 4 4 4 4
6 6 6 6 6
9 9 9 9 9
5 5 5 8 8
8 8 8 8 8
4 4 4 4 6
6 6 6 6 6
9 9 9 9 9
9 5 8 8 8
8 8 8 8 8
4 4 4 4 6
6 6 6 6 6
9 9 9 9 9
9 9 8 8 8
8 8 5 5 5
4 4 4 4 6
6 6 6 6 6
9 9 9 9 9
9 9 9 5 5
5 5 5 5 5
4 4 4 4 6
6 6 6 6 6
6 9 9 9 9
9 9 9 5 5
5 5 5 5 5
4 4 4 6 6
6 6 6 6 6
6 9 9 9 9
9 9 5 5 5
5 5 5 5 5
4 4 4 6 6
6 6 6 6 6
6 9 9 9 9
9 9 5 5 5
5 5 5 5 5
4 4 6 6 6
6 6 6 6 6
6 9 9 9 9
9 9 5 5 5
5 5 5 5 5
6 6 6 6 6
6 6 6 6 6
6 9 9 9 9
9 9 5 5 5
5 5 5 5 5
6 6 6 6 6
6 6 6 6 6
6 6 9 9 9
9 5 5 5 5
5 5 5 5 5
6 6 6 6 6
6 6 3 3 3
3 3 9 9 9
9 5 5 5 5
5 5 5 5 5
6 6 6 6 6
6 3 3 3 3
3 3 3 3 9
9 5 5 5 5
5 5 5 5 5
6 6 6 6 6
6 3 3 3 3
3 3 3 3 2
2 2 2 2 5
5 5 5 5 5
6 6 6 6 6
3 3 3 3 3
3 3 3 3 2
2 2 2 2 2
2 2 5 5 5
6 6 6 6 6
3 3 3 3 3
3 3 3 2 2
2 2 2 2 2
2 2 2 2 5
6 6 6 6 3
3 3 3 3 3
3 3 3 2 2
2 2 2 2 2
2 2 2 2 2
6 6 4 4 4
3 3 3 3 3
3 3 2 2 2
2 2 2 2 2
2 2 2 2 2
4 4 4 4 4
4 3 3 3 3
3 3 2 2 2
2 2 2 2 2
2 2 2 2 2
4 4 4 4 4
4 4 4 3 3
3 2 2 2 2
2 2 2 2 2
2 2 2 2 2
4 4 4 4 4
4 4 4 4 3
3 2 2 2 2
2 2 2 2 2
2 2 2 2 2
4 4 4 4 4
4 4 4 4 4
4 2 2 2 2
2 2 2 2 2
2 2 2 2 2
4 4 4 4 4
4 4 4 4 4
2 2 2 2 2
2 2 2 2 2
2 2 2 2 2
4 4 4 4 4
4 4 4 4 4
2 2 2 2 2
2 2 2 2 2
2 2 2 2 2
4 4 4 4 4
4 4 4 4 4
2 2 2 2 2
2 2 2 2 2
2 2 2 2 1
4 4 4 4 4
4 4 4 4 4
2 2 2 2 2
2 2 2 2 2
2 1 1 1 1
4 4 4 4 4
4 4 4 4 4
2 2 2 2 2
2 2 2 1 1
1 1 1 1 1
4 4 4 4 4
4 4 4 4 4
2 2 2 2 2
1 1 1 1 1
1 1 1 1 1
4 4 4 4 4
4 4 4 4 2
2 2 2 1 1
1 1 1 1 1
1 1 1 1 1
4 4 4 4 4
4 4 4 4 2
1 1 1 1 1
1 1 1 1 1
1 1 1 1 1
4 4 4 4 4
4 4 4 4 1
1 1 1 1 1
1 1 1 1 1
1 1 1 1 1
4 4 4 4 4
4 4 4 1 1
1 1 1 1 1
1 1 1 1 1
1 1 1 1 1
9 9 9 9 9
9 9 1 1 1
1 1 1 1 1
1 1 1 1 1
1 1 1 1 1
9 9 9 9 9
9 9 9 8 1
1 1 1 1 1
1 1 1 1 1
1 1 1 1 1
9 9 9 9 9
9 9 9 8 8
8 8 8 1 1
1 1 1 1 1
1 1 1 1 1
9 9 9 9 9
9 9 9 9 8
8 8 8 8 8
8 1 1 1 1
1 1 1 1 1
9 9 9 9 9
9 9 9 9 8
8 8 8 8 8
8 8 8 8 1
1 1 1 1 1
9 9 9 9 9
9 9 9 9 8
8 8 8 8 8
8 8 8 8 8
8 8 1 1 1
9 9 9 9 9
9 9 9 9 8
8 8 8 8 8
8 8 8 8 8
8 8 8 8 8
9 9 9 9 9
9 9 9 9 9
8 8 8 8 8
8 8 8 8 8
8 8 8 8 8
9 9 9 9 9
9 9 9 9 9
8 8 8 8 8
8 8 8 8 8
8 8 8 8 8
9 9 9 9 9
9 9 9 9 9
8 8 8 8 8
8 8 8 8 8
8 8 8 8 8
9 9 9 9 9
9 9 9 9 9
9 8 8 8 8
8 8 8 8 8
8 8 8 8 8
9 9 9 9 9
9 9 9 9 9
9 8 8 8 8
8 8 8 8 8
8 8 8 8 8
9 9 9 9 9
9 9 9 9 9
9 8 8 8 8
8 8 8 8 8
8 8 8 8 8
9 9 9 9 9
9 9 9 9 9
9 8 8 8 8
8 8 8 8 8
8 8 8 8 8
9 9 9 9 9
9 9 9 9 9
9 9 8 8 8
8 8 8 8 8
8 8 8 8 8
