3 3 3 3 3
3 3 3 3 3
1 1 1 1 1
1 1 1 1 1
1 1 1 1 1
3 3 3 3 3
3 3 3 3 3
1 1 1 1 1
1 1 1 1 1
1 1 1 1 1
3 3 3 3 3
3 3 3 3 3
3 1 1 1 1
1 1 1 1 1
1 1 1 1 1
3 3 3 3 3
3 3 3 3 3
2 1 1 1 1
1 1 1 1 1
1 1 1 1 1
3 3 3 3 3
3 3 3 3 2
2 2 2 1 1
1 1 1 1 1
1 1 1 1 1
0 3 3 3 3
3 3 3 3 2
2 2 2 2 1
1 1 1 1 1
1 1 1 1 1
0 0 0 0 3
3 3 3 2 2
2 2 2 2 1
1 1 1 1 1
1 1 1 1 1
0 0 0 0 0
0 3 2 2 2
2 2 2 2 1
1 1 1 1 1
1 1 1 1 1
0 0 0 0 0
0 2 2 2 2
2 2 2 2 1
1 1 1 8 8
8 8 8 8 8
0 0 0 0 0
0 2 2 2 2
2 2 2 1 1
1 1 1 8 8
8 8 8 8 8
0 0 0 0 0
2 2 2 2 2
2 2 2 1 1
1 1 1 8 8
8 8 8 8 8
0 0 0 0 0
2 2 2 2 2
2 2 2 1 1
1 1 8 8 8
8 8 8 8 8
0 8 8 8 8
2 2 2 2 2
2 2 2 1 1
1 1 8 8 8
8 8 8 8 8
8 8 8 8 8
2 2 2 2 2
2 2 1 1 1
1 1 8 8 8
8 8 8 8 8
8 8 8 8 8
8 2 2 2 2
2 2 1 1 1
1 4 4 8 8
8 8 8 8 9
8 8 8 8 8
8 4 4 4 4
4 4 1 1 1
4 4 4 4 8
8 8 8 8 9
8 8 8 8 8
8 8 4 4 4
4 4 4 4 4
4 4 4 4 8
8 8 8 9 9
8 8 8 8 8
8 8 4 4 4
4 4 4 4 4
4 4 4 4 4
8 8 9 9 9
8 8 8 8 8
8 8 4 4 4
4 4 4 4 4
4 4 4 4 4
4 9 9 9 9
8 8 8 2 2
2 2 4 4 4
4 4 4 4 4
4 4 4 4 4
9 9 9 9 9
2 2 2 2 2
2 2 4 4 4
4 4 4 4 4
4 4 4 4 4
9 9 9 9 9
2 2 2 2 2
2 2 4 4 4
4 4 4 4 4
4 4 4 4 9
9 9 9 9 9
2 2 2 2 2
2 2 2 4 4
4 4 4 4 4
4 4 4 4 9
9 9 9 9 9
2 2 2 2 2
2 2 2 4 4
4 4 4 4 4
4 4 4 9 9
9 9 9 9 9
2 2 2 2 2
2 2 2 4 4
4 4 4 4 4
4 4 4 9 9
9 9 9 9 9
2 2 2 2 2
2 2 2 2 4
4 4 4 4 4
4 4 4 9 9
9 9 9 9 9
2 2 2 2 2
2 2 2 2 4
4 4 4 4 4
4 4 9 9 9
9 9 9 9 9
2 2 2 2 2
2 2 2 2 2
4 4 4 4 4
4 4 9 9 9
9 9 9 9 9
2 2 2 2 2
2 2 2 2 2
4 4 4 4 4
4 4 9 9 9
9 9 9 9 9
2 2 2 2 2
2 2 2 2 7
7 4 4 4 4
4 4 9 9 9
9 9 9 9 9
1 1 1 1 7
7 7 7 7 7
7 7 7 7 4
4 4 9 9 9
9 9 9 9 9
1 1 1 1 7
7 7 7 7 7
7 7 7 7 7
7 7 9 9 9
9 9 9 9 9
1 1 1 1 7
7 7 7 7 7
7 7 7 7 7
7 7 7 9 9
9 9 9 9 9
1 1 1 7 7
7 7 7 7 7
7 7 7 7 7
7 7 7 7 9
9 9 9 9 9
1 1 1 7 7
7 7 7 7 7
7 7 7 7 7
7 7 7 7 7
9 9 9 9 9
1 1 1 7 7
7 7 7 7 7
7 7 7 7 7
7 7 7 7 7
7 9 9 9 9
1 1 1 7 7
7 7 7 7 7
7 7 7 7 7
7 7 7 7 7
7 7 9 9 9
1 1 1 7 7
7 7 7 7 7
7 7 7 7 7
7 7 7 7 7
7 7 7 9 9
1 1 7 7 7
7 7 7 7 7
7 7 7 7 7
7 7 7 7 7
7 7 7 7 9
1 1 7 7 7
7 7 7 7 7
7 7 7 7 7
7 7 7 7 7
7 7 7 7 7
1 8 7 7 7
7 7 7 7 7
7 7 7 7 7
7 7 7 7 7
7 7 7 7 7
8 8 8 7 7
7 7 7 7 7
7 7 7 7 7
7 7 7 7 7
7 7 7 7 7
8 8 8 8 7
7 7 7 7 7
7 7 7 7 7
7 7 7 7 7
7 7 7 7 7
8 8 8 8 8
7 7 7 7 7
7 7 7 7 7
7 7 7 7 7
7 7 7 7 7
8 8 8 8 8
8 7 7 7 7
7 7 7 7 7
7 7 7 7 7
7 7 7 7 7
8 8 8 8 8
8 8 8 7 7
7 7 7 7 7
7 7 7 7 7
7 7 7 7 7
8 8 8 8 8
8 8 8 8 7
7 7 7 7 7
7 7 7 7 7
7 7 7 7 7
8 8 8 8 8
8 8 8 8 8
7 7 7 7 7
7 7 7 7 7
7 7 7 7 7
8 8 8 8 8
8 8 8 8 8
8 7 7 7 7
7 7 7 7 7
7 7 7 7 7
8 8 8 8 8
8 8 8 8 8
8 8 7 7 7
7 7 7 7 7
7 7 7 7 7
