9 9 9 9 9
4 4 4 4 4
4 4 2 2 2
2 2 2 9 9
9 9 9 9 9
9 9 9 9 9
4 4 4 4 4
4 4 2 2 2
2 2 2 9 9
9 9 9 9 9
9 9 9 9 9
4 4 4 4 4
4 4 2 2 2
2 2 2 9 9
9 9 9 9 9
9 9 9 9 9
4 4 4 4 4
4 4 2 2 2
2 2 2 9 9
9 9 9 9 9
9 9 9 9 9
4 4 4 4 4
4 4 2 2 2
2 2 2 9 9
9 9 9 9 9
9 9 9 9 9
4 4 4 4 4
4 4 2 2 2
2 2 2 9 9
9 9 9 9 9
9 9 9 9 9
4 4 4 4 4
4 4 2 2 2
2 2 9 9 9
9 9 9 9 9
9 9 9 9 9
4 4 4 4 4
4 4 2 2 8
8 8 8 9 9
9 9 9 9 9
9 9 9 9 9
4 4 4 4 4
4 8 8 8 8
8 8 8 8 8
8 9 9 9 9
9 9 9 9 4
4 4 4 4 4
8 8 8 8 8
8 8 8 8 8
8 8 8 8 9
9 6 6 6 6
6 6 6 6 6
8 8 8 8 8
8 8 8 8 8
8 8 8 8 8
6 6 6 6 6
6 6 6 6 6
8 8 8 8 8
8 8 8 8 8
8 8 8 8 8
6 6 6 6 6
6 6 6 6 6
6 8 8 8 8
8 8 8 8 8
8 8 8 8 8
6 6 6 6 6
6 6 6 6 6
6 8 8 8 8
8 8 8 8 8
8 8 8 8 8
6 6 6 6 6
6 6 6 6 6
6 6 8 8 8
8 8 8 8 8
8 8 8 8 8
6 6 6 6 6
6 6 6 6 6
6 6 8 8 8
8 8 8 8 8
8 8 8 8 8
6 6 6 6 6
6 6 6 6 6
6 6 6 8 8
8 8 8 8 8
8 8 8 8 8
6 6 6 6 6
6 6 6 6 6
6 6 6 8 8
8 8 8 8 8
8 8 8 8 8
6 6 6 6 6
6 6 6 6 6
6 6 6 6 8
8 8 8 8 8
3 3 3 3 3
6 6 6 6 6
6 6 6 6 6
6 6 6 6 3
3 3 3 3 3
3 3 3 3 3
6 6 6 6 6
6 6 6 6 6
6 6 6 3 3
3 3 3 3 3
3 3 3 3 3
6 6 6 6 6
6 6 6 6 6
6 6 1 3 3
3 3 3 3 3
3 3 3 3 3
6 6 6 6 6
6 6 6 6 6
1 1 1 3 3
3 3 3 3 3
3 3 3 3 3
6 6 6 6 6
6 6 6 6 1
1 1 1 1 3
3 3 3 3 3
3 3 3 3 3
6 6 6 6 6
6 6 1 1 1
1 1 1 1 3
3 3 3 3 3
3 3 3 3 3
6 6 6 6 6
1 1 1 1 1
1 1 1 1 1
3 3 3 3 3
3 3 3 3 3
0 6 6 6 1
1 1 1 1 1
1 1 1 1 1
3 3 3 3 3
3 3 3 3 3
0 0 0 0 1
1 1 1 1 1
1 1 1 1 1
1 3 3 3 3
3 3 3 3 3
0 0 0 0 1
1 1 1 1 1
1 1 1 1 1
1 3 3 3 3
3 3 3 3 3
0 0 0 0 0
1 1 1 1 1
1 1 1 1 1
1 1 3 3 3
3 3 3 3 3
0 0 0 0 0
0 1 1 1 1
1 1 1 1 1
1 1 3 3 3
3 3 3 3 3
0 0 0 0 0
0 0 1 1 1
1 1 1 1 1
1 1 1 3 3
3 3 3 3 3
0 0 0 0 0
0 0 9 1 1
1 1 1 1 1
1 1 1 3 3
3 3 3 3 3
0 0 0 0 0
0 0 9 9 1
1 1 1 1 1
1 1 1 1 3
3 3 3 3 4
0 0 0 0 0
0 9 9 9 9
9 1 1 1 1
1 1 1 1 3
4 4 4 4 4
0 0 0 0 0
0 9 9 9 9
9 9 1 1 1
1 1 1 4 4
4 4 4 4 4
0 0 0 0 0
9 9 9 9 9
9 9 9 1 1
1 1 4 4 4
4 4 4 4 4
0 0 0 0 0
9 9 9 9 9
9 9 9 9 9
1 4 4 4 4
4 4 4 4 4
0 0 0 0 9
9 9 9 9 9
9 9 9 9 9
8 4 4 4 4
4 4 4 4 4
0 0 0 2 2
9 9 9 9 9
9 9 9 9 8
8 8 4 4 4
4 4 4 4 4
2 2 2 2 2
2 2 9 9 9
9 9 9 8 8
8 8 4 4 4
4 4 4 4 4
2 2 2 2 2
2 2 2 9 9
9 9 8 8 8
8 8 8 4 4
4 4 4 4 4
2 2 2 2 2
2 2 2 2 9
5 5 8 8 8
8 8 8 8 4
4 4 4 4 4
2 2 2 2 2
2 2 2 5 5
5 5 5 8 8
8 8 8 8 4
4 4 4 4 4
2 2 2 2 2
2 2 5 5 5
5 5 5 8 8
8 8 8 8 8
4 4 4 4 4
2 2 2 2 2
2 5 5 5 5
5 5 5 8 8
8 8 8 8 8
8 4 4 4 4
2 2 2 2 5
5 5 5 5 5
5 5 5 8 8
8 8 8 8 8
8 4 4 4 4
2 2 2 5 5
5 5 5 5 5
5 5 0 0 8
8 8 8 8 8
8 8 4 4 4
2 2 5 5 5
5 5 5 5 5
5 0 0 0 8
8 8 8 8 8
8 8 8 4 4
5 5 5 5 5
5 5 5 5 5
0 0 0 0 0
8 8 8 8 8
8 8 8 4 4
