6 6 6 6 1
2 2 9 5 5
5 4 4 4 4
4 4 4 4 7
7 7 7 7 9
6 6 6 6 6
2 9 9 5 5
4 4 4 4 4
4 4 4 4 7
7 7 7 9 9
3 3 6 6 6
6 9 9 5 5
8 4 4 4 4
4 4 9 9 7
7 7 7 1 1
3 3 8 8 6
9 9 9 9 6
8 8 8 4 4
9 9 9 9 9
7 7 7 1 1
3 3 3 8 5
5 9 9 9 6
6 8 8 8 8
9 9 9 9 9
9 7 2 2 2
3 3 3 8 5
5 9 9 9 8
8 6 8 8 0
9 9 9 9 9
9 2 2 2 2
3 3 3 5 5
5 5 9 8 8
8 8 0 0 0
0 9 9 9 9
2 2 1 1 1
3 3 4 4 4
1 1 1 8 8
8 0 0 0 0
0 2 2 4 4
2 2 7 7 7
6 4 4 4 4
1 1 0 9 9
0 0 0 0 0
0 2 2 4 4
2 2 7 7 7
6 6 6 4 1
1 9 0 9 9
0 0 0 0 0
2 2 2 4 4
2 2 2 7 4
6 6 6 6 6
8 9 0 9 9
0 0 4 7 7
2 2 2 4 4
2 2 2 4 4
6 6 6 6 6
8 8 0 0 9
0 4 4 7 7
7 2 2 4 4
4 2 7 7 4
6 6 6 6 6
8 2 2 2 2
4 2 2 2 7
7 7 2 4 4
4 7 7 7 7
6 6 6 6 8
8 8 2 2 2
2 7 7 7 7
8 5 9 9 4
7 7 7 7 7
7 7 7 8 8
8 8 8 2 2
7 7 8 8 5
5 5 9 9 9
7 7 7 7 7
7 7 7 7 8
8 8 8 8 8
8 7 7 5 5
5 9 9 9 9
3 3 7 7 7
7 7 7 4 4
8 8 4 8 8
8 7 7 7 5
5 9 9 9 9
3 3 3 3 7
8 8 4 4 4
4 4 4 4 8
8 7 7 7 7
9 9 9 9 0
3 3 3 3 7
6 2 2 2 2
2 4 4 4 8
9 9 7 7 7
9 9 0 0 0
3 3 3 7 7
6 5 2 2 2
1 4 4 4 9
9 7 7 7 7
0 0 0 0 0
1 3 9 7 7
6 5 2 2 1
1 1 1 4 7
7 7 7 7 1
0 0 0 1 1
1 9 9 9 7
6 5 8 9 1
8 1 1 5 7
7 7 7 1 1
1 8 1 1 1
1 1 1 9 1
8 8 8 8 8
8 1 1 5 5
7 7 1 1 1
8 8 8 3 3
3 1 1 1 1
8 8 8 8 3
3 3 4 5 5
5 5 1 1 1
8 8 8 3 3
3 1 1 1 1
5 5 5 0 0
3 3 4 4 6
6 6 1 1 9
8 8 8 3 3
3 4 4 4 4
5 5 5 0 0
0 8 4 4 6
2 2 2 9 9
6 6 4 4 7
7 4 4 4 4
5 5 5 5 0
8 8 8 9 9
2 2 2 1 1
6 6 4 4 7
7 7 4 4 4
5 5 5 5 5
8 8 9 9 9
3 2 2 1 1
1 4 4 7 7
7 7 4 2 2
5 5 1 1 1
5 5 5 9 9
3 3 5 1 1
1 9 9 5 7
7 7 2 2 2
5 5 1 1 1
5 5 5 5 3
3 3 5 5 5
9 9 9 5 5
5 5 5 2 2
5 5 1 1 1
5 5 5 5 3
2 2 5 5 5
2 9 9 5 5
0 5 5 5 5
5 5 1 1 5
5 5 5 2 2
2 2 1 5 2
2 2 9 5 0
0 0 5 5 5
5 5 1 5 5
5 5 5 2 2
2 2 1 1 1
2 2 2 0 0
0 0 5 5 5
5 3 3 3 5
5 5 5 0 2
2 2 1 1 1
1 3 0 0 0
0 0 0 8 8
3 3 3 3 3
5 5 5 0 0
0 8 1 1 1
3 3 3 0 0
9 0 0 8 8
3 3 3 3 3
5 5 5 0 3
8 8 8 8 3
3 3 3 0 0
9 0 0 8 8
4 4 3 3 3
3 5 3 3 3
8 8 8 8 3
3 3 3 0 9
9 0 0 0 2
4 4 4 4 4
3 5 3 3 3
8 8 2 2 2
3 3 3 0 9
9 0 0 2 2
4 4 4 4 4
4 6 6 3 2
2 2 2 2 6
6 6 3 0 0
0 0 0 2 2
4 4 4 4 4
6 6 6 6 2
2 2 2 6 6
6 1 0 0 0
0 8 8 7 7
9 9 9 5 5
6 6 6 6 2
2 2 2 6 6
1 1 4 0 0
0 8 8 7 7
9 9 9 9 5
5 6 6 1 2
2 2 2 6 1
1 1 4 4 0
0 8 8 7 7
9 9 9 9 5
5 1 1 6 0
0 0 6 1 1
1 1 4 4 4
0 8 8 7 7
9 9 9 9 9
3 3 6 2 0
0 0 6 6 1
1 0 0 0 4
8 8 8 7 7
9 9 9 9 9
3 6 6 2 2
0 6 6 6 6
0 0 0 0 0
0 3 8 7 6
9 9 9 6 6
3 6 1 1 1
1 6 6 6 6
1 0 0 0 4
3 3 3 6 6
9 9 9 6 6
6 1 1 1 1
4 6 0 0 1
1 1 4 4 4
3 3 3 6 6
9 9 6 6 6
6 6 8 8 8
4 4 0 0 1
1 1 4 4 4
3 3 3 6 6
9 6 6 6 6
6 6 8 8 8
4 4 0 0 1
1 1 4 4 4
3 3 3 6 6
6 6 6 1 9
9 9 8 8 8
4 4 0 0 1
1 1 1 4 4
3 3 3 6 6
