2 2 2 2 2
2 2 2 6 6
6 6 6 6 6
6 6 6 6 6
6 6 8 8 8
2 2 2 2 2
2 2 2 6 6
6 6 6 6 6
6 6 6 6 6
6 8 8 8 8
2 2 2 2 2
2 2 2 6 6
6 6 6 6 6
6 6 6 6 6
8 8 8 8 8
2 2 2 2 2
2 2 2 6 6
6 6 6 6 6
6 6 6 6 6
8 8 8 8 8
2 2 2 2 2
2 2 2 6 6
6 6 6 6 6
6 6 6 6 8
8 8 8 8 8
2 2 2 2 2
2 2 2 6 6
6 6 6 6 6
6 6 6 8 8
8 8 8 8 8
2 2 2 2 2
2 2 2 6 6
6 6 6 6 6
6 6 2 8 8
8 8 8 8 8
2 2 2 2 2
2 2 2 6 6
6 6 6 6 6
2 2 2 8 8
8 8 8 8 8
2 2 2 1 1
1 1 1 6 6
6 6 6 6 2
2 2 2 2 8
8 8 8 8 8
1 1 1 1 1
1 1 1 1 6
6 6 6 2 2
2 2 2 2 8
8 8 8 8 8
1 1 1 1 1
1 1 1 1 1
6 2 2 2 2
2 2 2 2 8
8 8 8 8 8
1 1 1 1 1
1 1 1 1 1
1 2 2 2 2
2 2 2 2 8
8 8 8 8 8
1 1 1 1 1
1 1 1 1 1
1 2 2 2 2
2 2 2 2 7
8 8 8 8 8
1 1 1 1 1
1 1 1 1 1
1 2 2 2 2
2 2 2 7 7
7 7 7 7 7
1 1 1 1 1
1 1 1 1 1
3 2 2 2 2
2 2 2 7 7
7 7 7 7 7
1 1 1 1 1
1 1 1 3 3
3 3 2 2 2
2 2 7 7 7
7 7 7 7 7
1 1 1 1 1
1 1 3 3 3
3 3 3 2 2
2 2 7 7 7
7 7 7 7 7
1 1 1 1 1
3 3 3 3 3
3 3 3 3 3
2 7 7 7 7
7 7 7 7 7
1 1 1 3 3
3 3 3 3 3
3 3 3 3 3
3 7 7 7 7
7 7 7 7 7
1 3 3 3 3
3 3 3 3 3
3 3 3 3 3
3 7 7 7 7
7 7 7 7 7
3 3 3 3 3
3 3 3 3 3
3 3 3 3 3
3 7 7 7 7
7 7 7 7 7
3 3 3 3 3
3 3 3 3 3
3 3 3 3 3
3 3 7 7 7
7 7 7 7 7
3 3 3 3 3
3 3 3 3 3
3 3 3 3 3
3 3 7 7 7
7 7 7 7 7
8 3 3 3 3
3 3 3 3 3
3 3 3 3 3
5 5 5 7 7
7 7 7 7 7
8 8 8 3 3
3 3 3 3 3
3 5 5 5 5
5 5 5 5 7
7 7 7 7 7
8 8 8 8 3
3 3 3 5 5
5 5 5 5 5
5 5 5 5 5
7 7 7 7 7
8 8 8 8 8
5 5 5 5 5
5 5 5 5 5
5 5 5 5 5
5 7 7 7 7
8 8 8 8 8
8 5 5 5 5
5 5 5 5 5
5 5 5 5 5
5 4 4 7 7
8 8 8 8 8
8 5 5 5 5
5 5 5 5 5
5 5 5 5 5
4 4 4 4 4
8 8 8 8 8
8 8 5 5 5
5 5 5 5 5
5 5 5 5 4
4 4 4 4 4
8 8 8 8 8
8 8 5 5 5
5 5 5 5 5
5 5 5 4 4
4 4 4 4 4
8 8 8 8 8
8 8 5 5 5
5 5 5 5 5
5 5 4 4 4
4 4 4 4 4
8 8 8 8 8
8 8 8 5 5
5 5 5 5 5
5 4 4 4 4
4 4 4 4 4
8 8 8 8 8
8 8 8 5 5
5 5 5 5 5
4 4 4 4 4
4 4 4 4 4
8 8 8 8 8
8 8 8 1 5
5 5 5 5 4
4 4 4 4 4
4 4 4 4 4
8 8 8 8 8
8 1 1 1 1
1 5 5 4 4
4 4 4 4 4
4 4 4 4 4
8 8 8 8 1
1 1 1 1 1
1 1 4 4 4
4 4 4 4 4
4 4 4 4 4
8 8 1 1 1
1 1 1 1 1
1 1 0 0 4
4 4 4 4 4
4 4 4 4 4
9 9 1 1 1
1 1 1 1 1
1 1 0 0 0
0 0 4 4 4
4 4 4 4 4
9 9 9 1 1
1 1 1 1 1
1 1 0 0 0
0 0 0 0 4
4 4 4 4 4
9 9 9 9 1
1 1 1 1 1
1 1 0 0 0
0 0 0 0 9
9 9 9 9 9
9 9 9 9 9
1 1 1 1 1
1 1 0 0 0
0 0 0 0 9
9 9 9 9 9
9 9 9 9 9
9 1 1 1 1
1 1 0 0 0
0 0 0 9 9
9 9 9 9 9
9 9 9 9 9
9 9 1 1 1
1 1 0 0 0
0 0 0 9 9
9 9 9 9 9
9 9 9 9 9
9 9 9 1 1
1 1 0 0 0
0 0 9 9 9
9 9 9 9 9
9 9 9 9 9
9 9 9 1 1
1 1 0 0 0
0 0 9 9 9
9 9 9 9 9
9 9 9 9 9
9 9 9 9 1
1 0 0 0 0
0 0 9 9 9
9 9 9 9 9
9 9 9 9 9
9 9 9 9 9
1 0 0 0 0
0 9 9 9 9
9 9 9 9 9
9 9 9 9 9
9 9 9 9 9
9 0 0 0 0
0 9 9 9 9
9 9 9 9 9
9 9 9 9 9
9 9 9 9 9
9 0 0 0 0
9 9 9 9 9
9 9 9 9 9
