5 5 5 5 5
5 5 5 5 5
5 5 5 5 5
5 5 5 5 9
9 9 9 9 9
5 5 5 5 5
5 5 5 5 5
5 5 5 5 5
5 5 9 9 9
9 9 9 9 9
5 5 5 5 5
5 5 5 5 5
5 5 5 5 5
5 9 9 9 9
9 9 9 9 9
5 5 5 5 5
5 5 5 5 5
5 5 5 5 8
9 9 9 9 9
9 9 9 9 9
5 5 5 5 5
5 5 5 5 5
5 5 8 8 8
9 9 9 9 9
9 9 9 9 9
5 5 5 5 5
5 5 5 5 5
8 8 8 8 8
9 9 9 9 9
9 9 9 9 9
5 5 5 5 5
5 5 5 8 8
8 8 8 8 9
9 9 9 9 9
9 9 9 9 9
5 5 5 5 5
5 8 8 8 8
8 8 8 8 9
9 9 9 9 9
9 9 9 9 9
5 5 5 5 8
8 8 8 8 8
8 8 8 8 9
9 9 9 9 9
9 9 9 9 9
5 5 8 8 8
8 8 8 8 8
8 8 8 9 9
9 9 9 9 9
9 9 9 9 9
8 8 8 8 8
8 8 8 8 8
8 8 8 9 9
9 9 9 9 9
9 9 9 9 4
8 8 8 8 8
8 8 8 8 8
8 8 9 9 9
9 9 9 9 9
9 9 4 4 4
8 8 8 8 8
8 8 8 8 8
8 8 9 9 9
9 9 9 9 9
9 4 4 4 4
8 8 8 8 8
8 8 8 8 8
8 8 9 9 9
9 9 9 9 4
4 4 4 4 4
8 8 8 8 8
8 8 8 8 8
8 9 9 9 9
9 9 4 4 4
4 4 4 4 4
8 8 8 8 8
8 8 8 8 8
8 9 9 9 9
4 4 4 4 4
4 4 4 4 3
8 8 8 8 8
8 8 8 8 8
8 9 9 9 4
4 4 4 4 4
4 4 4 3 3
8 8 8 8 8
8 8 8 8 8
9 9 4 4 4
4 4 4 4 4
4 4 3 3 3
7 7 7 8 8
8 8 8 8 8
4 4 4 4 4
4 4 4 4 4
4 3 3 3 3
7 7 7 7 7
8 8 8 8 4
4 4 4 4 4
4 4 4 4 4
3 3 3 3 3
7 7 7 7 7
7 7 7 4 4
4 4 4 4 4
4 4 4 4 3
3 3 3 3 3
7 7 7 7 7
7 7 7 7 4
4 4 4 4 4
4 4 4 3 3
3 3 3 3 3
7 7 7 7 7
7 7 7 7 7
4 4 4 4 4
4 4 3 3 3
3 3 3 3 3
7 7 7 7 7
7 7 7 7 7
6 6 6 4 4
4 3 3 3 3
3 3 3 3 3
7 7 7 7 7
7 7 7 7 7
6 6 6 6 6
6 6 3 3 3
3 3 3 3 3
7 7 7 7 7
7 7 7 7 7
6 6 6 6 6
6 6 6 6 3
3 3 3 3 3
7 7 7 7 7
7 7 7 7 7
6 6 6 6 6
6 6 6 6 6
3 3 3 3 3
7 7 7 7 7
7 7 7 7 7
6 6 6 6 6
6 6 6 6 6
6 6 3 3 3
7 7 7 7 7
7 7 7 7 7
6 6 6 6 6
6 6 6 6 6
6 6 6 6 3
7 7 7 7 7
7 7 7 7 7
6 6 6 6 6
6 6 6 6 6
6 6 6 6 6
8 7 7 7 7
7 7 7 7 7
6 6 6 6 6
6 6 6 6 6
6 6 6 6 6
8 8 8 8 7
7 7 7 7 7
6 6 6 6 6
6 6 6 6 6
6 6 6 6 6
8 8 8 8 8
8 8 7 7 7
6 6 6 6 6
6 6 6 6 6
6 6 6 6 6
8 8 8 8 8
8 8 8 8 1
1 1 1 6 6
6 6 6 6 6
6 6 6 2 2
8 8 8 8 8
8 8 8 8 1
1 1 1 1 1
1 6 6 6 6
6 2 2 2 2
8 8 8 8 8
8 8 8 1 1
1 1 1 1 1
1 1 1 1 2
2 2 2 2 2
8 8 8 8 8
8 8 8 1 1
1 1 1 1 1
1 1 1 1 2
2 2 2 2 2
8 8 8 8 8
8 8 1 1 1
1 1 1 1 1
1 1 1 2 2
2 2 2 2 2
8 8 8 8 8
0 0 0 1 1
1 1 1 1 1
1 1 1 2 2
2 2 2 2 2
8 8 0 0 0
0 0 0 1 1
1 1 1 1 1
1 1 1 2 2
2 2 2 2 2
1 0 0 0 0
0 0 0 0 1
1 1 1 1 1
1 1 2 2 2
2 2 2 2 2
1 0 0 0 0
0 0 0 0 1
1 1 1 1 1
1 1 2 2 2
2 2 2 2 2
1 1 0 0 0
0 0 0 0 1
1 1 1 1 1
1 1 2 2 2
2 2 2 2 2
1 1 1 0 0
0 0 0 0 0
1 1 1 1 1
1 1 2 2 2
2 2 2 2 2
1 1 1 0 0
0 0 0 0 0
1 1 1 1 1
1 1 2 2 2
2 2 2 2 2
1 1 1 1 0
0 0 0 0 0
0 1 1 1 1
1 1 2 2 2
2 2 2 2 2
1 1 1 1 0
0 0 0 0 0
0 1 1 1 1
1 1 2 2 2
2 2 2 2 2
1 1 1 1 1
0 0 0 0 0
0 0 1 1 1
1 2 2 2 2
2 2 2 2 8
1 1 1 1 1
0 0 0 0 0
0 0 1 1 1
1 2 2 2 2
2 8 8 8 8
1 1 1 1 1
1 0 0 0 0
0 0 0 1 1
2 2 2 2 8
8 8 8 8 8
