7 7 7 7 7
7 7 7 7 7
7 7 7 2 2
2 2 2 2 2
2 2 2 2 2
7 7 7 7 7
7 7 7 7 7
7 7 7 2 2
2 2 2 2 2
2 2 2 2 2
7 7 7 7 7
7 7 7 7 7
7 7 7 2 2
2 2 2 2 2
2 2 2 2 2
7 7 7 7 7
7 7 7 7 7
7 7 5 2 2
2 2 2 2 2
2 2 2 2 2
7 7 7 7 7
7 7 7 7 7
5 5 5 5 2
2 2 2 2 2
2 2 2 2 2
7 7 7 7 7
7 7 7 5 5
5 5 5 5 5
5 2 2 2 2
2 2 2 2 2
7 7 7 7 7
7 5 5 5 5
5 5 5 5 5
5 5 2 2 2
2 2 2 2 2
7 7 7 7 5
5 5 5 5 5
5 5 5 5 5
5 5 5 5 2
2 2 2 2 2
7 7 5 5 5
5 5 5 5 5
5 5 5 5 5
5 5 5 5 5
2 2 2 2 2
5 5 5 5 5
5 5 5 5 5
5 5 5 5 5
5 5 5 5 5
5 2 2 2 2
5 5 5 5 5
5 5 5 5 5
5 5 5 5 5
5 5 4 4 4
4 4 4 4 2
3 5 5 5 5
5 5 5 5 5
5 4 4 4 4
4 4 4 4 4
4 4 4 4 4
3 3 3 3 5
4 4 4 4 4
4 4 4 4 4
4 4 4 4 4
4 4 4 4 4
3 3 3 3 3
4 4 4 4 4
4 4 4 4 4
4 4 4 4 4
4 4 4 4 9
3 3 3 3 3
3 4 4 4 4
4 4 4 4 4
4 4 4 4 4
4 4 4 9 9
3 3 3 3 3
3 3 4 4 4
4 4 4 4 4
4 4 4 4 4
4 4 9 9 9
3 3 3 3 3
3 3 3 3 4
4 4 4 4 4
4 4 4 4 4
4 9 9 9 9
3 3 3 3 3
3 3 3 3 3
4 4 4 4 4
4 4 4 4 4
9 9 9 9 9
3 3 3 3 3
3 3 3 3 3
3 4 4 4 4
4 4 4 4 9
9 9 9 9 9
3 3 3 3 3
3 3 3 3 3
3 3 4 4 4
4 4 4 9 9
9 9 9 9 9
0 3 3 3 3
3 3 3 3 3
3 3 3 4 4
4 4 9 9 9
9 9 9 9 9
0 0 3 3 3
3 3 3 3 3
3 3 3 3 4
4 9 9 9 9
9 9 9 9 9
0 0 0 3 3
3 3 3 3 3
3 3 3 3 3
3 9 9 9 9
9 9 9 9 9
0 0 0 0 3
3 3 3 3 3
3 3 3 3 5
3 3 3 9 9
9 9 9 9 9
0 0 0 0 0
0 3 3 3 3
0 0 5 5 5
3 3 3 3 9
9 9 9 9 9
0 0 0 0 0
0 0 0 0 0
0 0 5 5 5
3 3 3 3 3
9 9 9 9 9
0 0 0 0 0
0 0 0 0 0
0 5 5 5 5
3 3 3 3 3
3 3 9 9 9
0 0 0 0 0
0 0 0 0 0
0 5 5 5 5
3 3 3 3 3
3 3 3 9 9
0 0 0 0 0
0 0 0 0 0
5 5 5 5 5
3 3 3 3 3
3 3 3 3 9
0 0 0 0 0
0 0 0 0 0
5 5 5 5 9
9 3 3 3 3
3 3 3 3 3
0 0 0 0 0
0 0 0 0 5
5 5 5 9 9
9 3 3 3 3
3 3 3 7 7
0 0 0 0 0
0 0 0 5 5
5 5 9 9 9
9 9 3 3 3
3 7 7 7 7
0 0 0 0 0
0 6 6 6 6
5 9 9 9 9
9 9 3 3 7
7 7 7 7 7
0 0 6 6 6
6 6 6 6 6
6 9 9 9 9
9 9 9 7 7
7 7 7 7 7
0 6 6 6 6
6 6 6 6 6
6 9 9 9 9
9 9 9 7 7
7 7 7 7 7
6 6 6 6 6
6 6 6 6 6
6 6 9 9 9
9 9 9 7 7
7 7 7 7 7
6 6 6 6 6
6 6 6 6 6
6 6 9 9 9
9 9 9 7 7
7 7 7 7 7
6 6 6 6 6
6 6 6 6 6
6 6 9 9 9
9 9 9 7 7
7 7 7 7 7
8 8 8 8 6
6 6 6 6 6
6 6 9 9 9
9 9 9 7 7
7 7 7 7 7
8 8 8 8 8
8 8 8 6 6
6 6 6 9 9
9 9 9 7 7
7 7 7 7 7
8 8 8 8 8
8 8 8 8 8
8 8 6 9 9
9 9 9 7 7
7 7 7 7 7
8 8 8 8 8
8 8 8 8 8
8 8 8 8 9
9 1 1 1 1
7 7 7 7 7
8 8 8 8 8
8 8 8 8 8
8 8 8 8 1
1 1 1 1 1
1 1 1 7 7
8 8 8 8 8
8 8 8 8 8
8 8 8 8 1
1 1 1 1 1
1 1 1 1 1
8 8 8 8 8
8 8 8 8 8
8 8 8 1 1
1 1 1 1 1
1 1 1 1 1
8 8 8 8 8
8 8 8 8 8
8 8 8 1 1
1 1 1 1 1
1 1 1 1 1
8 8 8 8 8
8 8 8 8 8
8 8 1 1 1
1 1 1 1 1
1 1 1 1 1
8 8 8 8 8
8 8 8 8 8
8 8 1 1 1
1 1 1 1 1
1 1 1 1 1
8 8 8 8 8
8 8 8 8 8
8 1 1 1 1
1 1 1 1 1
1 1 1 1 1
8 8 8 8 8
8 8 8 8 8
8 1 1 1 1
1 1 1 1 1
1 1 1 1 1
