6 6 6 6 6
6 6 6 6 7
9 9 9 9 9
9 9 9 9 9
9 9 9 9 9
6 6 6 6 6
6 6 6 7 7
7 9 9 9 9
9 9 9 9 9
9 9 9 9 9
6 6 6 6 6
6 6 7 7 7
7 7 9 9 9
9 9 9 9 9
9 9 9 9 9
6 6 6 6 6
3 3 7 7 7
7 7 7 9 9
9 9 9 9 9
9 9 9 9 9
6 6 6 3 3
3 3 7 7 7
7 7 7 7 9
9 9 9 9 9
9 9 9 9 9
6 3 3 3 3
3 3 7 7 7
7 7 7 7 2
2 2 2 2 9
9 9 9 9 9
3 3 3 3 3
3 7 7 7 7
7 7 7 2 2
2 2 2 2 2
2 2 2 2 9
3 3 3 3 3
3 7 7 7 7
7 7 7 2 2
2 2 2 2 2
2 2 2 2 2
3 3 3 3 3
3 7 7 7 7
7 7 7 8 2
2 2 2 2 2
2 2 2 2 2
3 3 3 3 3
3 7 7 7 7
7 7 7 8 8
2 2 2 2 2
2 2 2 2 2
3 3 3 3 3
3 7 7 7 7
7 7 8 8 8
8 2 2 2 2
2 2 2 2 2
3 3 3 3 3
3 7 7 7 7
7 7 8 8 8
8 8 2 2 2
2 2 2 2 2
3 3 3 3 3
3 7 7 7 7
7 7 7 7 8
8 8 8 2 2
2 2 2 2 2
3 3 3 3 3
7 7 7 7 7
7 7 7 7 7
7 8 8 8 2
2 2 2 2 2
3 3 3 3 3
7 7 7 7 7
7 7 7 7 7
7 7 7 8 8
4 4 4 4 4
3 3 3 3 3
7 7 7 7 7
7 7 7 7 7
7 7 4 4 4
4 4 4 4 4
3 3 3 3 1
1 1 7 7 7
7 7 7 7 7
7 4 4 4 4
4 4 4 4 4
3 1 1 1 1
1 1 1 1 7
7 7 7 7 7
4 4 4 4 4
4 4 4 4 4
1 1 1 1 1
1 1 1 1 1
1 7 7 4 4
4 4 4 4 4
4 4 4 4 4
1 1 1 1 1
1 1 1 1 1
1 1 4 4 4
4 4 4 4 4
4 4 4 4 4
1 1 1 1 1
1 1 1 1 1
1 1 1 4 4
4 4 4 4 4
4 4 4 4 4
1 1 1 1 1
1 1 1 1 1
1 1 1 4 4
4 4 4 4 4
4 4 4 9 9
1 1 1 1 1
1 1 1 1 1
1 1 1 1 4
4 4 4 4 4
4 9 9 9 9
1 1 1 1 1
1 1 1 1 1
1 1 1 1 1
4 4 4 4 9
9 9 9 9 9
1 1 1 1 1
1 1 1 1 1
1 1 1 1 1
4 4 4 9 9
9 9 9 9 9
1 1 1 1 1
1 1 1 1 1
1 1 1 1 1
1 9 9 9 9
9 9 9 9 9
1 1 1 1 1
1 1 1 1 1
1 1 1 1 1
9 9 9 9 9
9 9 9 9 9
1 1 1 1 1
1 1 1 1 1
1 1 1 1 1
9 9 9 9 9
9 9 9 9 9
1 1 1 1 1
1 1 1 1 1
1 1 1 1 1
9 9 9 9 9
9 9 9 9 9
6 6 6 6 6
6 6 6 6 6
6 6 6 6 8
9 9 9 9 9
9 9 9 9 9
6 6 6 6 6
6 6 6 6 6
6 6 6 6 8
8 9 9 9 9
9 9 9 9 9
7 6 6 6 6
6 6 6 6 6
6 6 6 8 8
8 8 9 9 9
9 9 9 9 9
7 7 6 6 6
6 6 6 6 6
6 6 6 8 8
8 8 8 9 9
9 9 9 9 9
7 7 7 7 6
6 6 6 6 6
6 6 8 8 8
8 8 8 8 9
9 9 9 9 9
7 7 7 7 7
6 6 6 6 6
6 6 8 8 8
8 8 8 5 5
5 5 9 9 9
7 7 7 7 7
7 6 6 6 6
6 8 8 8 8
8 8 8 5 5
5 5 5 5 5
7 7 7 7 7
7 7 6 6 6
6 8 8 8 8
8 8 5 5 5
5 5 5 5 5
2 7 7 7 7
7 7 7 7 6
8 8 8 8 8
8 5 5 5 5
5 5 5 5 5
2 2 7 7 7
7 7 7 7 7
8 8 8 8 8
8 5 5 5 5
5 5 5 5 5
2 2 2 2 7
7 7 7 7 7
8 8 8 8 8
5 5 5 5 5
5 5 5 5 5
2 2 2 2 2
2 7 7 7 7
7 8 8 8 5
5 5 5 5 5
5 5 5 5 5
2 2 2 2 2
2 2 2 7 7
7 8 8 8 5
5 5 5 5 5
5 5 5 5 5
2 2 2 2 2
2 2 2 2 7
7 8 8 5 5
5 5 5 5 5
5 5 5 5 5
2 2 2 2 2
2 2 2 2 2
2 7 5 5 5
5 5 5 5 5
5 5 5 5 5
2 2 2 2 2
2 2 2 2 2
2 2 5 5 5
5 5 5 5 5
5 5 5 5 5
2 2 2 2 2
2 2 2 2 2
2 2 5 5 5
5 5 5 5 5
5 5 5 5 5
2 2 2 2 2
2 2 2 2 2
2 2 5 5 5
5 5 5 5 5
5 5 5 5 5
2 2 2 2 2
2 2 2 2 2
2 2 5 5 5
5 5 5 5 5
5 5 5 5 5
2 2 2 2 2
2 2 2 2 2
2 2 5 5 5
5 5 5 5 5
5 5 5 5 5
2 2 2 2 2
2 2 2 2 2
2 2 5 5 5
5 5 5 5 5
5 5 5 5 5
