4 4 4 4 4
4 4 4 4 4
4 4 4 4 4
4 4 4 4 4
4 3 3 3 3
4 4 4 4 4
4 4 4 4 4
4 4 4 4 4
4 4 4 4 3
3 3 3 3 6
4 4 4 4 4
4 4 4 4 4
4 4 4 4 4
4 4 4 3 3
3 3 3 3 6
4 4 4 4 4
4 4 4 4 4
4 4 4 4 4
4 3 3 3 3
3 3 3 3 6
4 4 4 4 4
4 4 4 4 4
4 4 4 4 4
3 3 3 3 3
3 3 3 6 6
4 4 4 4 4
4 4 4 4 4
4 4 4 4 3
3 3 3 3 3
3 3 3 6 6
4 4 4 4 4
4 4 4 4 4
4 4 3 3 3
3 3 3 3 3
3 3 6 6 6
4 4 4 4 4
4 4 4 4 4
4 3 3 3 3
3 3 3 3 3
3 3 6 6 6
4 4 4 4 4
4 4 4 4 3
3 3 3 3 3
3 3 3 3 3
3 6 6 6 6
4 4 4 4 4
4 4 4 3 3
3 3 3 3 3
3 3 3 3 3
3 6 6 6 6
4 4 4 4 4
4 3 3 3 3
3 3 3 3 3
3 3 3 3 3
6 6 6 6 6
4 4 4 4 4
3 3 3 3 3
3 3 3 3 3
3 3 3 3 3
6 6 6 6 6
4 4 4 3 3
3 3 3 3 3
3 3 3 3 3
3 3 3 3 6
6 6 6 6 6
6 6 6 6 3
3 3 3 3 3
3 3 3 3 3
3 3 3 3 6
6 6 6 6 6
6 6 6 6 6
6 3 3 3 3
3 3 3 3 3
3 3 3 6 6
6 6 6 6 6
6 6 6 6 6
6 6 6 3 3
3 3 3 3 3
3 3 3 6 6
6 6 6 6 6
6 6 6 6 6
6 6 6 6 3
3 3 3 3 3
3 3 6 6 6
6 6 6 6 6
6 6 6 6 6
6 6 6 6 6
6 3 3 3 3
3 1 1 6 6
6 6 6 6 6
6 6 6 6 6
6 6 6 6 6
6 6 3 3 3
1 1 1 1 6
6 6 6 6 6
6 6 6 6 6
6 6 6 6 6
6 6 6 4 1
1 1 1 1 1
6 6 6 6 6
6 6 6 6 6
6 6 6 6 6
6 4 4 4 1
1 1 1 1 1
1 6 6 6 6
6 6 6 6 6
6 6 6 6 4
4 4 4 4 1
1 1 1 1 1
1 1 6 6 6
6 6 6 6 6
6 6 4 4 4
4 4 4 4 9
9 1 1 1 1
1 1 1 7 7
6 6 6 6 6
4 4 4 4 4
4 4 4 4 9
9 9 9 9 1
1 1 7 7 7
9 9 9 9 9
4 4 4 4 4
4 4 4 4 9
9 9 9 9 9
8 8 7 7 7
9 9 9 9 9
9 9 4 4 4
4 4 4 4 9
9 8 8 8 8
8 7 7 7 7
9 9 9 9 9
9 9 9 9 4
4 4 4 4 8
8 8 8 8 8
8 7 7 7 7
9 9 9 9 9
9 9 9 9 9
9 4 4 4 8
8 8 8 8 8
8 7 7 7 7
9 9 9 9 9
9 9 9 9 9
9 9 4 4 8
8 8 8 8 8
8 7 7 7 7
9 9 9 9 9
9 9 9 9 9
9 9 9 9 8
8 8 8 8 8
8 7 7 7 7
9 9 9 9 9
9 9 9 9 9
9 9 9 9 1
8 8 8 8 8
8 7 7 7 7
5 5 9 9 9
9 9 9 9 9
9 9 1 1 1
9 9 9 9 9
9 9 9 9 9
5 5 5 5 9
9 9 9 9 1
1 1 1 1 1
9 9 9 9 9
9 9 9 9 9
5 5 5 5 5
9 9 1 1 1
1 1 1 1 1
9 9 9 9 9
9 9 9 9 9
5 5 5 5 5
5 1 1 1 1
1 1 1 1 1
9 9 9 9 9
9 9 9 9 9
5 5 5 5 5
5 1 1 1 1
1 1 1 1 1
1 9 9 9 9
9 9 9 9 9
5 5 5 5 5
5 1 1 1 1
1 1 1 1 1
1 9 9 9 9
9 9 9 9 9
5 5 5 5 5
5 1 1 1 1
1 1 1 1 1
1 9 9 9 9
9 9 9 9 9
5 5 5 5 5
5 1 1 1 1
1 1 1 1 1
1 9 9 9 9
9 9 9 9 9
5 5 5 5 5
5 1 1 1 1
1 1 1 1 1
1 9 9 9 9
9 9 9 9 9
5 5 5 5 5
5 1 1 1 1
1 1 1 1 1
1 9 9 9 9
9 9 9 9 9
5 5 5 5 5
7 7 7 1 1
1 1 1 1 1
1 9 9 9 9
9 9 9 9 9
5 5 5 7 7
7 7 7 7 7
1 1 1 1 1
1 1 9 9 9
0 0 0 0 0
5 5 7 7 7
7 7 7 7 7
7 7 1 1 1
1 0 0 0 0
0 0 0 0 0
7 7 7 7 7
7 7 7 7 7
7 7 7 7 1
0 0 0 0 0
0 0 0 0 0
7 7 7 7 7
7 7 7 7 7
7 7 7 7 0
0 0 0 0 0
0 0 0 0 0
7 7 7 7 7
7 7 7 7 7
7 7 7 7 0
0 0 0 0 0
0 0 0 0 0
7 7 7 7 7
7 7 7 7 7
7 7 7 7 0
0 0 0 0 0
0 0 0 0 0
7 7 7 7 7
7 7 7 7 7
7 7 7 7 0
0 0 0 0 0
0 0 0 0 0
7 7 7 7 7
7 7 7 7 7
7 7 7 7 0
0 0 0 0 0
0 0 0 0 0
