9 9 9 9 9
9 9 4 4 4
4 4 4 4 4
4 4 6 6 6
6 6 6 6 6
9 9 9 9 9
9 9 9 4 4
4 4 4 4 4
4 4 6 6 6
6 6 6 6 6
9 9 9 9 9
9 9 9 4 4
4 4 4 4 4
4 4 6 6 6
6 6 6 6 6
9 9 9 9 9
9 9 9 4 4
4 4 4 4 4
4 4 6 6 6
6 6 6 6 6
9 9 9 9 9
9 9 9 4 4
4 4 4 4 4
4 4 6 6 6
6 6 6 6 6
9 9 9 9 9
9 9 9 4 4
4 4 4 4 4
4 4 6 6 6
6 6 6 6 6
9 9 9 9 9
9 9 9 9 4
4 4 4 4 4
4 4 6 6 6
6 6 6 1 1
9 9 9 9 9
9 9 9 9 4
4 4 4 4 4
4 4 6 6 6
1 1 1 1 1
9 9 9 9 9
9 9 9 9 4
4 4 4 4 4
4 4 1 1 1
1 1 1 1 1
9 9 9 9 9
9 9 9 9 4
4 4 4 4 4
4 4 1 1 1
1 1 1 1 1
9 9 9 9 9
9 9 9 9 4
4 4 4 4 4
4 6 6 6 6
6 6 6 6 6
9 9 9 9 9
9 9 9 9 9
4 4 4 4 4
4 6 6 6 6
6 6 6 6 6
9 9 9 9 9
9 9 9 9 9
4 4 4 4 4
6 6 6 6 6
6 6 6 6 6
9 9 9 9 9
9 9 9 9 9
1 1 1 1 1
1 6 6 6 6
6 6 6 6 6
9 9 9 9 9
9 9 9 1 1
1 1 1 1 1
1 1 6 6 6
6 6 6 6 6
9 9 9 9 9
9 1 1 1 1
1 1 1 1 1
1 1 1 6 6
6 6 6 6 6
9 9 9 3 3
1 1 1 1 1
1 1 1 1 1
1 1 1 1 6
6 6 6 6 6
5 5 3 3 3
3 1 1 1 1
1 1 1 1 1
1 1 1 1 1
6 6 6 6 6
5 5 5 3 3
3 3 1 1 1
1 1 1 1 1
1 1 1 1 1
1 6 6 6 6
5 5 5 5 3
3 3 3 1 1
1 1 1 1 1
1 1 1 1 1
1 1 6 6 6
5 5 5 5 6
3 3 3 3 3
1 1 1 1 1
1 1 1 1 1
1 1 6 6 6
5 5 5 5 5
3 3 3 3 3
3 1 1 1 1
1 1 1 1 1
1 1 5 5 5
5 5 5 5 5
6 3 3 3 3
3 3 1 1 1
1 1 1 1 1
1 5 5 5 5
5 5 5 5 5
6 6 3 3 3
3 3 3 1 1
1 1 1 1 1
1 5 5 5 5
5 5 5 5 5
5 6 6 3 3
3 3 3 3 1
1 1 1 1 1
5 5 5 5 5
5 5 5 5 5
5 6 6 6 3
3 3 3 3 3
1 1 1 1 5
5 5 5 5 5
5 5 5 5 5
5 6 6 6 3
3 3 3 3 3
3 1 1 5 5
5 5 5 5 5
5 5 5 5 5
5 5 6 6 6
3 3 3 3 3
3 3 1 5 5
5 5 5 5 5
5 5 5 5 5
5 5 6 6 6
6 3 3 3 3
3 3 5 5 5
5 5 5 5 5
5 5 5 5 5
5 5 6 1 1
1 1 1 3 3
8 8 8 5 5
5 5 5 5 5
5 5 5 5 5
5 1 1 1 1
1 1 1 1 8
8 8 8 8 5
5 5 5 5 5
5 5 5 5 5
1 1 1 1 1
1 1 1 1 8
8 8 8 8 8
5 5 5 5 5
5 5 5 5 1
1 1 1 1 1
1 1 1 8 8
8 8 8 8 8
8 5 5 5 5
5 5 5 1 1
1 1 1 1 1
1 1 1 8 8
8 8 8 8 8
8 8 5 5 5
3 5 1 1 1
1 1 1 1 1
1 1 8 8 8
8 8 8 8 8
8 8 8 5 5
3 3 3 3 1
1 1 1 1 1
1 1 8 8 8
8 8 8 8 8
8 8 8 8 5
3 3 3 3 3
3 3 1 1 1
1 8 8 8 8
8 8 8 8 8
8 8 8 8 8
3 3 3 3 3
3 3 3 3 3
1 8 8 8 8
8 8 8 8 8
8 9 9 9 9
3 3 3 3 3
3 3 3 3 3
3 8 8 8 8
9 9 9 9 9
9 9 9 9 9
3 3 3 3 3
3 3 3 3 3
3 9 9 9 9
9 9 9 9 9
9 9 9 9 9
3 3 3 3 3
3 3 3 3 3
3 9 9 9 9
9 9 9 9 9
9 9 9 9 7
3 3 3 3 3
3 3 3 3 3
3 9 9 9 9
9 9 9 9 9
7 7 7 7 7
3 3 3 3 3
3 3 3 3 3
3 9 9 9 9
9 7 7 7 7
7 7 7 7 7
3 3 3 3 3
3 3 3 3 3
3 9 9 7 7
7 7 7 7 7
7 7 7 7 7
3 3 3 3 3
3 3 3 3 3
3 7 7 7 7
7 7 7 7 7
7 7 7 7 7
3 3 3 3 3
3 3 3 3 3
3 7 7 7 7
7 7 7 7 7
7 7 7 7 7
3 3 3 3 3
3 3 3 3 3
3 7 7 7 7
7 7 7 7 7
7 7 7 7 7
3 3 3 3 3
3 3 3 3 3
3 7 7 7 7
7 7 7 7 7
7 7 7 7 7
3 3 3 3 3
3 3 3 3 3
3 7 7 7 7
7 7 7 7 7
7 7 7 7 7
3 3 3 3 3
3 3 3 3 3
3 7 7 7 7
7 7 7 7 7
7 7 7 7 7
