5 5 5 5 5
5 5 5 5 5
5 5 5 5 5
5 5 5 5 5
5 5 5 5 5
5 5 5 5 5
5 5 5 5 5
5 5 5 5 5
5 5 5 5 5
5 5 5 5 1
5 5 5 5 5
5 5 5 5 5
5 5 5 5 5
5 5 5 5 5
5 5 5 1 1
3 3 5 5 5
5 5 5 5 5
5 5 5 5 5
5 5 5 5 5
5 7 1 1 1
3 3 3 3 5
5 5 5 5 5
5 5 5 5 5
5 5 7 7 7
7 1 1 1 1
3 3 3 3 3
3 5 5 5 5
5 5 5 5 7
7 7 7 7 7
7 1 1 1 1
3 3 3 3 3
3 3 3 5 5
7 7 7 7 7
7 7 7 7 7
1 1 1 1 1
3 3 3 3 3
3 3 3 7 7
7 7 7 7 7
7 7 7 7 1
1 1 1 1 1
3 3 3 3 3
3 3 7 7 7
7 7 7 7 7
7 7 7 7 1
1 1 1 1 1
3 3 3 3 3
3 3 7 7 7
7 7 7 7 7
7 7 7 1 1
1 1 1 1 1
3 3 3 3 3
3 7 7 7 7
7 7 7 7 7
7 7 1 1 1
1 1 1 1 1
3 3 3 3 3
7 7 7 7 7
7 7 7 7 7
7 7 1 1 1
1 1 1 1 1
3 3 3 3 7
7 7 7 7 7
7 7 7 7 7
7 1 1 1 1
1 1 1 1 1
3 3 3 3 7
7 7 7 7 7
7 7 7 7 7
1 1 1 1 1
1 1 1 1 1
3 3 3 7 7
7 7 7 7 7
7 7 7 7 7
1 1 1 1 1
1 1 1 1 1
3 3 7 7 7
7 7 7 7 7
7 7 7 7 4
4 1 1 1 1
1 1 1 1 1
3 7 7 7 7
7 7 0 0 0
0 0 0 0 4
4 4 1 1 1
1 1 1 1 1
8 8 8 0 0
0 0 0 0 0
0 0 0 0 4
4 4 4 1 1
1 1 1 1 1
8 8 8 8 0
0 0 0 0 0
0 0 0 0 4
4 4 4 4 1
1 1 1 1 1
4 8 8 8 8
8 0 0 0 0
0 0 0 0 4
4 4 4 4 4
1 1 1 1 1
4 4 8 8 8
8 8 8 0 0
0 0 0 0 4
4 4 4 4 4
4 1 1 1 1
4 4 4 8 8
8 8 8 8 0
0 0 0 0 4
4 4 4 4 4
4 4 1 1 1
4 4 4 4 8
8 8 8 8 8
8 0 0 0 0
4 4 4 4 4
4 4 1 1 1
4 4 4 4 4
8 8 8 8 8
8 8 8 0 0
4 4 4 4 4
4 4 4 1 1
4 4 4 4 4
8 8 8 8 8
8 8 8 8 0
4 4 4 4 4
4 4 4 4 1
4 4 4 4 4
4 8 8 8 8
8 8 8 8 8
4 4 4 4 4
4 4 4 4 4
4 4 4 4 4
4 4 8 8 8
8 8 8 8 8
4 4 4 4 4
4 4 4 4 4
4 4 4 4 4
4 4 4 8 8
8 8 8 8 8
8 4 4 4 4
4 4 4 4 4
4 4 4 4 4
4 4 9 9 9
9 9 9 8 8
8 4 4 4 4
4 4 4 2 2
4 4 4 4 4
4 9 9 9 9
9 9 9 9 9
2 2 2 2 2
2 2 2 2 2
4 4 4 4 4
9 9 9 9 9
9 9 9 9 9
2 2 2 2 2
2 2 2 2 2
4 4 4 4 9
9 9 9 9 9
9 9 9 9 2
2 2 2 2 2
2 2 2 2 2
4 4 4 4 9
9 9 9 9 9
9 9 9 9 2
2 2 2 2 2
2 2 2 2 2
4 4 4 9 9
9 9 9 9 9
9 9 9 9 2
2 2 2 2 2
2 2 2 2 2
4 4 9 9 9
9 9 9 9 9
9 9 9 2 2
2 2 2 2 2
2 2 2 2 2
4 9 9 9 9
9 9 9 9 9
9 9 9 2 2
2 2 2 2 2
2 2 2 2 2
9 9 9 9 9
9 9 9 9 9
9 9 9 2 2
2 2 2 2 2
2 2 2 2 2
9 9 9 9 9
9 9 9 9 9
9 9 2 2 2
2 2 2 2 2
2 2 2 2 2
9 9 9 9 9
9 9 9 9 9
6 6 6 2 2
2 2 2 2 2
2 2 2 2 2
9 9 9 9 9
9 9 9 6 6
6 6 6 6 2
2 2 2 2 2
2 2 2 2 2
9 9 9 9 9
9 6 6 6 6
6 6 6 6 6
6 2 2 2 2
2 2 2 2 2
9 9 9 6 6
6 6 6 6 6
6 6 6 6 6
6 6 2 2 2
2 2 2 2 2
9 6 6 6 6
6 6 6 6 6
6 6 6 6 6
6 6 9 2 2
2 2 2 2 2
6 6 6 6 6
6 6 6 6 6
6 6 6 6 6
6 6 9 9 9
2 2 2 2 2
6 6 6 6 6
6 6 6 6 6
6 6 6 6 6
6 9 9 9 9
9 9 0 0 0
6 6 6 6 6
6 6 6 6 6
6 6 6 6 6
8 8 9 9 9
9 0 0 0 0
6 6 6 6 6
6 6 6 6 6
6 6 6 6 8
8 8 9 9 9
9 0 0 0 0
6 6 6 6 6
6 6 6 6 6
6 6 6 8 8
8 8 8 9 9
9 0 0 0 0
6 6 6 6 6
6 6 6 6 6
6 8 8 8 8
8 8 8 9 9
9 0 0 0 0
6 6 6 6 6
6 6 6 6 6
8 8 8 8 8
8 8 8 8 9
0 0 0 0 0
