9 9 9 9 9
9 9 9 9 2
2 2 2 2 2
2 2 2 2 2
2 2 8 8 8
9 9 9 9 9
9 9 9 9 9
2 2 2 2 2
2 2 2 2 2
2 2 8 8 8
9 9 9 9 9
9 9 9 9 9
9 2 2 2 2
2 2 2 2 2
2 8 8 8 8
9 9 9 9 9
9 9 9 9 9
9 2 2 2 2
2 2 2 2 2
2 8 8 8 8
9 9 9 9 9
9 9 9 9 9
9 9 4 4 4
4 2 2 2 2
8 8 8 8 8
9 9 9 9 9
9 9 9 9 9
9 4 4 4 4
4 4 4 4 4
3 8 8 8 8
9 9 9 9 9
9 9 9 9 9
9 4 4 4 4
4 4 4 4 3
3 3 3 3 8
9 9 9 9 9
9 9 9 9 9
9 4 4 4 4
4 4 4 4 3
3 3 3 3 3
9 9 9 9 9
9 9 9 9 9
9 4 4 4 4
4 4 4 3 3
3 3 3 3 3
9 9 9 9 9
9 9 9 9 9
9 4 4 4 4
4 4 4 3 3
3 3 3 3 3
9 9 9 9 9
9 9 9 9 9
7 7 4 4 4
4 4 3 3 3
3 3 3 3 3
1 9 9 9 9
9 9 9 9 7
7 7 7 4 4
4 4 3 3 3
3 3 3 3 3
1 1 1 9 9
9 9 7 7 7
7 7 7 7 4
4 3 3 3 3
3 3 3 3 3
1 1 1 1 1
1 7 7 7 7
7 7 7 7 7
4 3 3 3 3
3 3 3 3 3
1 1 1 1 1
1 7 7 7 7
7 7 7 7 7
7 3 3 3 3
3 3 3 3 3
1 1 1 1 1
1 7 7 7 7
7 7 7 7 7
7 7 3 3 3
3 3 3 3 3
1 1 1 1 1
1 7 7 7 7
7 7 7 7 7
7 7 3 3 3
3 3 3 3 3
1 1 1 1 1
4 4 7 7 7
7 7 7 7 7
7 7 7 3 3
3 3 3 3 3
1 1 1 1 4
4 4 4 7 7
7 7 7 7 7
7 7 7 7 3
3 3 3 3 3
1 1 1 4 4
4 4 4 4 4
7 7 7 7 7
7 7 7 7 3
3 3 3 3 3
1 1 4 4 4
4 4 4 4 4
4 7 7 7 7
7 7 7 7 7
3 3 3 3 3
2 2 2 4 4
4 4 4 4 4
4 4 7 7 7
7 7 7 7 7
1 1 1 1 1
2 2 2 2 4
4 4 4 4 4
4 4 4 7 7
7 7 7 1 1
1 1 1 1 1
2 2 2 2 2
4 4 4 4 4
4 4 4 4 4
7 7 1 1 1
1 1 1 1 1
2 2 2 2 2
2 4 4 4 4
4 4 4 4 4
0 1 1 1 1
1 1 1 1 1
2 2 2 2 2
2 2 4 4 4
4 4 4 4 0
0 1 1 1 1
1 1 1 1 1
2 2 2 2 2
2 2 2 4 4
4 4 0 0 0
0 1 1 1 1
1 1 1 1 1
2 2 2 2 2
2 2 2 2 4
4 0 0 0 0
0 0 1 1 1
1 1 1 1 1
2 2 2 2 2
2 2 2 9 9
9 0 0 0 0
0 0 1 1 1
1 1 1 1 1
2 2 2 2 2
2 9 9 9 9
9 0 0 0 0
0 0 1 1 1
1 1 1 1 1
2 2 2 2 9
9 9 9 9 9
9 0 0 0 0
0 0 1 1 1
1 1 1 1 1
2 2 9 9 9
9 9 9 9 9
9 0 0 0 0
0 0 0 1 1
1 1 1 1 1
9 9 9 9 9
9 9 9 9 9
9 0 0 0 0
0 0 6 6 1
1 1 1 1 1
9 9 9 9 9
9 9 9 9 9
9 0 0 0 0
0 0 6 6 6
1 1 1 1 1
9 9 9 9 9
9 9 9 9 9
9 0 0 0 0
0 0 6 6 6
6 1 1 1 1
9 9 9 9 9
9 9 9 9 9
9 5 0 0 0
0 6 6 6 6
6 6 1 1 1
9 9 9 9 9
9 9 9 9 5
5 5 5 0 0
0 6 6 6 6
6 6 6 1 1
9 9 9 9 9
9 9 9 5 5
5 5 5 5 0
0 6 6 6 6
6 6 6 6 1
9 9 9 9 9
9 9 5 5 5
5 5 5 5 5
6 6 6 6 6
6 6 6 6 6
9 9 9 9 9
9 5 5 5 5
5 5 5 5 5
5 6 6 6 6
6 6 6 6 6
9 9 9 9 9
5 5 5 5 5
5 5 5 5 5
5 6 6 6 6
6 6 6 6 6
9 9 9 9 5
5 5 5 5 5
5 5 5 5 5
5 6 6 6 6
6 6 6 6 6
9 9 9 5 5
5 5 5 5 5
5 5 5 5 5
5 6 6 6 6
6 6 6 6 6
9 9 5 5 5
5 5 5 5 5
5 5 5 5 5
5 5 6 6 6
6 6 6 6 6
9 5 5 5 5
5 5 5 5 5
5 5 5 5 5
5 5 6 6 6
6 6 6 6 6
5 5 5 5 5
5 5 5 5 5
5 5 5 5 5
5 5 6 6 6
6 6 6 6 6
5 5 5 5 5
5 5 5 5 5
5 5 5 5 5
5 5 6 6 6
6 6 6 6 6
5 5 5 5 5
5 5 5 5 5
5 5 5 5 5
5 5 5 6 6
6 6 6 6 6
5 5 5 5 5
5 5 5 5 5
5 5 5 5 5
5 5 5 6 6
6 6 6 6 6
5 5 5 5 5
5 5 5 5 5
5 5 5 5 5
5 5 5 6 6
6 6 6 6 6
