6 6 6 6 6
6 6 6 6 6
6 6 6 6 6
6 6 6 6 6
6 6 6 6 6
6 6 6 6 6
6 6 6 6 6
6 6 6 6 6
6 6 6 6 6
6 6 6 6 6
6 6 6 6 6
6 6 6 6 6
6 6 6 6 6
6 6 6 6 6
6 6 6 6 6
6 6 6 6 6
6 6 6 6 6
6 6 6 6 6
6 6 6 6 6
6 6 6 6 6
9 6 6 6 6
6 6 6 6 6
6 6 6 6 6
6 6 6 6 6
6 6 6 6 6
9 9 9 6 6
6 6 6 6 6
6 6 6 6 6
6 6 6 6 6
6 6 6 6 6
9 9 9 9 9
6 6 6 6 6
6 6 6 6 6
6 6 6 6 6
6 6 6 6 6
9 9 9 9 9
9 9 6 6 6
6 6 6 6 6
6 6 6 6 6
6 6 6 6 6
9 9 9 9 9
9 9 9 9 9
6 6 6 6 6
6 6 6 6 6
6 6 6 6 6
9 9 9 9 9
9 9 9 9 9
9 9 6 6 6
6 6 6 6 6
6 6 6 6 6
9 9 9 9 9
9 9 9 9 9
9 9 9 3 3
3 3 3 3 3
3 3 3 3 3
9 9 9 9 9
9 9 9 9 9
9 9 9 3 3
3 3 3 3 3
3 3 3 3 1
9 9 9 9 9
9 9 9 9 9
9 9 9 3 3
3 3 3 3 3
3 3 3 3 1
9 9 9 9 9
9 9 9 9 9
9 9 3 3 3
3 3 3 3 3
3 3 3 1 1
9 9 9 9 9
9 9 9 9 9
9 9 3 3 3
3 3 3 3 3
3 3 1 1 1
9 9 9 9 9
9 9 9 9 9
9 9 3 3 3
3 3 3 3 3
3 3 1 1 1
9 9 9 9 9
9 9 9 9 9
9 9 3 3 3
3 3 3 3 3
3 1 1 1 1
9 9 9 9 9
9 9 9 9 9
9 9 3 3 3
3 3 3 3 3
3 1 1 1 1
9 9 9 9 9
9 9 9 9 9
9 9 9 3 3
3 3 3 3 3
1 1 1 1 1
9 9 9 9 9
9 9 9 9 9
9 9 9 3 3
3 3 3 3 1
1 1 1 1 1
9 9 9 9 9
9 9 9 9 9
9 9 9 9 3
3 3 3 3 1
1 1 1 1 1
6 9 9 9 9
9 9 9 9 9
9 9 9 9 3
3 3 3 1 1
1 1 1 1 1
6 6 6 9 9
9 9 7 7 7
7 7 7 7 7
3 1 1 1 1
1 1 1 1 1
6 6 6 6 6
9 7 7 7 7
7 7 7 7 7
1 1 1 1 1
1 1 1 1 1
6 6 6 6 6
6 7 7 7 7
7 7 7 7 1
1 1 1 1 1
1 1 1 1 1
6 6 6 6 6
6 7 7 7 7
7 7 7 7 1
1 1 1 1 1
1 1 1 1 1
6 6 6 6 6
6 6 7 7 7
7 7 7 1 1
1 1 1 1 1
1 1 1 1 1
6 6 6 6 6
6 6 7 7 7
7 7 7 1 1
1 1 1 1 1
1 1 1 1 1
6 6 6 6 6
6 6 6 7 7
7 7 1 1 1
1 1 1 1 1
1 1 1 1 1
6 6 6 6 6
6 6 6 7 7
9 9 1 1 1
1 1 1 1 1
1 1 1 1 1
6 6 6 6 6
6 6 6 9 9
9 9 9 9 9
1 1 1 1 1
1 7 7 7 7
6 6 6 2 2
2 2 2 9 9
9 9 9 9 9
9 9 9 1 7
7 7 7 7 7
2 2 2 2 2
2 2 2 9 9
9 9 9 9 9
9 9 9 7 7
7 7 7 7 7
2 2 2 2 2
2 2 2 9 9
9 9 9 9 9
9 9 7 7 7
7 7 7 7 7
2 2 2 2 2
2 2 2 9 9
9 9 9 9 9
9 9 7 7 7
7 7 7 7 7
2 2 2 2 2
2 2 2 9 9
9 9 9 9 9
9 7 7 7 7
7 7 7 7 7
2 2 2 2 2
2 2 2 9 9
9 9 9 9 9
9 7 7 7 7
7 7 7 7 7
2 2 2 2 2
2 2 2 9 9
9 9 9 9 9
9 7 7 7 7
7 7 7 7 7
2 2 2 2 2
2 2 2 9 9
9 0 0 0 0
0 7 7 7 7
7 7 7 7 7
2 2 2 2 2
2 2 2 0 0
0 0 0 0 0
0 0 7 7 7
7 7 7 7 7
2 2 2 2 2
2 2 0 0 0
0 0 0 0 0
0 0 0 7 7
7 7 7 7 7
2 2 2 2 2
2 0 0 0 0
0 0 0 0 0
0 0 0 4 4
4 4 4 7 7
2 2 2 2 2
2 2 0 0 0
0 0 0 0 0
0 0 4 4 4
4 4 4 4 4
2 2 2 2 2
2 2 0 0 0
0 0 0 0 0
0 4 4 4 4
4 4 4 4 4
2 2 2 2 2
2 2 0 0 0
0 0 0 0 0
0 4 4 4 4
4 4 4 4 4
2 2 2 2 2
2 2 2 0 0
0 0 0 0 0
4 4 4 4 4
4 4 4 4 4
2 2 2 2 2
2 2 2 0 0
0 0 0 0 4
4 4 4 4 4
4 4 4 4 4
2 2 2 2 2
2 2 2 2 0
0 0 0 4 4
4 4 4 4 4
4 4 4 4 4
2 2 2 2 2
2 2 2 2 0
0 0 4 4 4
4 4 4 4 4
4 4 4 4 4
2 2 2 2 2
2 2 2 2 0
0 0 4 4 4
4 4 4 4 4
4 4 4 4 4
