7 7 7 7 7
7 7 7 7 7
6 6 6 6 6
6 6 6 9 9
9 9 9 9 9
7 7 7 7 7
7 7 7 7 7
7 6 6 6 6
6 6 6 9 9
9 9 9 9 9
7 7 7 7 7
7 7 7 7 7
7 6 6 6 6
6 6 6 9 9
9 9 9 9 9
7 7 7 7 7
7 7 7 7 7
7 7 6 6 6
6 6 6 6 9
9 9 9 9 9
7 7 7 7 7
7 7 7 7 7
7 9 9 9 9
9 9 6 6 6
9 9 9 9 9
7 7 7 7 7
7 7 7 7 7
7 9 9 9 9
9 9 6 6 6
6 9 9 9 9
7 7 7 7 7
7 7 7 7 7
7 9 9 9 9
9 6 6 6 6
6 6 4 4 4
7 7 7 7 7
7 7 7 7 7
7 9 9 9 9
9 6 6 6 6
6 4 4 4 4
7 7 7 7 7
7 7 7 7 7
7 9 9 9 9
9 6 6 6 6
4 4 4 4 4
7 7 7 7 7
7 7 7 7 7
7 9 9 9 9
9 6 6 6 4
4 4 4 4 4
7 7 7 7 7
7 7 7 7 7
7 9 9 9 9
6 6 6 4 4
4 4 4 4 4
8 7 7 7 7
7 7 7 7 7
9 9 9 9 9
6 4 4 4 4
4 4 4 4 4
8 8 8 8 7
7 7 7 7 7
9 9 9 9 9
4 4 4 4 4
4 4 4 4 4
8 8 8 8 8
8 8 8 7 7
9 9 9 9 4
4 4 4 4 4
4 4 4 4 4
8 8 8 8 8
8 8 8 8 8
9 9 9 4 4
4 4 4 4 4
4 4 4 4 4
8 8 8 8 8
8 8 8 8 9
9 9 3 3 3
3 3 4 4 4
4 4 4 4 4
8 8 8 8 8
8 8 8 9 9
9 9 3 3 3
3 3 3 3 3
3 3 4 4 4
8 8 8 8 8
8 8 8 9 9
9 9 3 3 3
3 3 3 3 3
3 3 3 3 3
8 8 8 8 8
8 8 9 9 9
9 9 9 3 3
3 3 3 3 3
3 3 3 3 3
8 8 8 8 8
8 9 9 9 9
9 9 9 3 3
3 3 3 3 3
3 3 3 3 3
8 8 8 8 8
8 9 9 9 9
9 9 9 3 3
3 3 3 3 3
3 3 3 3 6
8 8 8 8 8
9 9 9 9 9
9 9 9 3 3
3 3 3 3 3
3 3 3 6 6
8 8 8 8 8
9 9 9 9 9
9 9 9 3 3
3 3 3 3 3
3 3 6 6 6
8 8 8 8 9
9 9 9 9 9
9 2 2 2 3
3 3 3 3 3
3 6 6 6 6
8 8 8 9 9
9 9 9 9 2
2 2 2 6 6
3 3 3 3 6
6 6 6 6 6
8 8 8 9 9
9 9 9 2 2
2 2 6 6 6
6 3 3 6 6
6 6 6 6 6
8 8 9 9 9
9 2 2 2 2
2 2 6 6 6
6 6 6 6 6
6 6 6 6 6
8 9 9 9 2
2 2 2 2 2
2 6 6 6 6
6 6 6 6 6
6 6 6 6 6
8 9 2 2 2
2 2 2 2 2
6 6 6 6 6
6 6 6 6 6
6 6 6 6 6
9 2 2 2 2
2 2 2 2 6
6 6 6 6 6
6 6 6 4 4
4 4 6 6 6
2 2 2 2 2
2 2 2 6 6
6 6 6 6 6
6 6 4 4 4
4 4 4 4 4
2 2 2 2 2
2 2 6 6 6
6 6 6 6 6
6 6 4 4 4
4 4 4 4 4
2 2 2 2 2
2 6 6 6 6
6 6 6 6 6
6 4 4 4 4
4 4 4 4 4
2 2 2 2 2
2 6 6 6 6
6 6 6 6 6
4 4 4 4 4
4 4 4 4 4
2 2 2 2 2
6 6 6 6 6
6 6 6 6 6
4 4 4 4 4
4 4 4 4 4
2 2 2 2 6
6 6 6 6 6
6 6 6 6 4
4 4 4 4 4
4 4 4 4 4
2 2 2 6 6
6 6 6 6 6
6 6 6 6 4
4 4 4 4 4
4 4 4 2 2
2 2 6 6 6
6 6 6 6 6
6 6 6 4 4
4 4 4 4 4
2 2 2 2 2
2 6 6 6 6
6 6 6 6 6
6 6 6 4 4
4 4 4 2 2
2 2 2 2 2
6 6 6 6 6
6 6 6 1 1
1 1 1 4 4
2 2 2 2 2
2 2 2 2 2
1 1 1 1 1
1 1 1 1 1
1 1 1 1 2
2 2 2 2 2
2 2 2 2 2
1 1 1 1 1
1 1 1 1 1
1 1 1 1 1
2 2 2 2 2
2 2 2 2 2
1 1 1 1 1
1 1 1 1 1
1 1 1 1 1
1 2 2 2 2
2 2 2 2 2
1 1 1 1 1
1 1 1 1 1
1 1 1 1 1
1 1 2 2 2
2 2 2 2 2
1 1 1 1 1
1 1 1 1 1
1 1 1 1 1
1 1 1 2 2
2 2 2 2 2
1 1 1 1 1
1 1 1 1 1
1 1 1 1 1
1 1 1 1 2
2 2 2 2 2
1 1 1 1 1
1 1 1 1 1
1 1 1 1 1
1 1 1 1 1
2 2 2 2 2
1 1 1 1 1
1 1 1 1 1
1 1 1 1 1
1 1 1 1 1
1 2 2 2 2
1 1 1 1 1
1 1 1 1 1
1 1 1 1 1
1 1 1 1 1
1 1 2 2 2
1 1 1 1 1
1 1 1 1 1
1 1 1 1 1
1 1 1 1 1
1 1 1 2 2
