3 3 3 3 3
3 3 3 3 8
8 8 8 8 8
7 7 7 7 7
7 7 7 7 7
3 3 3 3 3
3 3 3 6 8
8 8 8 8 8
7 7 7 7 7
7 7 7 7 7
3 3 3 3 3
3 3 6 6 8
8 8 8 8 8
8 7 7 7 7
7 7 7 7 7
3 3 3 3 3
3 6 6 6 8
8 8 8 8 8
8 7 7 7 7
7 7 7 7 7
3 3 3 3 3
6 6 6 6 8
8 8 8 8 8
8 7 7 7 7
7 7 7 7 7
3 3 3 3 6
6 6 6 6 8
8 8 8 8 8
8 7 7 7 7
7 7 7 7 7
3 3 3 6 6
6 6 6 6 6
8 8 8 8 8
8 7 7 7 7
7 7 7 7 7
3 3 6 6 6
6 6 6 6 6
8 8 8 8 8
8 7 7 7 7
7 7 7 7 7
6 6 6 6 6
6 6 6 6 6
8 8 8 8 8
8 7 7 7 7
7 7 7 9 9
6 6 6 6 6
6 6 6 6 6
8 8 8 8 8
8 7 7 7 7
7 9 9 9 9
6 6 6 6 6
6 6 6 6 6
6 8 8 8 8
8 8 7 7 9
9 9 9 9 9
8 8 8 8 8
6 6 6 6 6
6 8 8 8 8
8 8 9 9 9
9 9 9 9 9
8 8 8 8 8
8 8 7 7 7
7 8 8 8 8
8 9 9 9 9
9 9 9 9 9
8 8 8 8 8
8 7 7 7 7
1 1 1 1 8
9 9 9 9 9
9 9 9 9 9
8 8 8 8 8
7 7 7 7 1
1 1 1 1 9
9 9 9 9 9
9 9 9 9 9
8 8 8 8 7
7 7 7 1 1
1 1 1 1 1
9 9 9 9 9
9 9 9 9 9
8 8 8 8 7
7 7 1 1 1
1 1 1 1 1
9 9 9 9 9
9 9 9 9 9
8 8 8 7 7
7 1 1 1 1
1 1 1 1 1
9 9 9 9 9
9 9 9 9 9
8 8 7 7 7
1 1 1 1 1
1 1 1 1 1
1 9 9 9 9
9 9 9 9 9
8 8 7 7 1
1 1 1 1 1
1 1 1 1 1
1 9 9 9 9
9 9 9 9 9
0 0 0 0 0
1 1 1 1 1
1 1 1 1 1
1 9 9 9 9
9 9 9 9 9
0 0 0 0 0
0 1 1 1 1
1 1 1 1 1
1 9 9 9 9
9 9 9 9 9
0 0 0 0 0
0 0 1 1 1
1 1 1 1 1
1 1 9 9 9
9 9 9 9 9
0 0 0 0 0
0 0 0 1 1
1 1 1 1 1
1 4 9 9 9
9 9 9 9 9
0 0 0 0 0
0 0 0 0 1
1 1 1 1 4
4 4 4 2 2
2 2 2 9 9
3 3 3 3 3
3 3 3 3 3
1 4 4 4 4
4 4 4 2 2
2 2 2 2 2
3 3 3 3 3
3 3 3 3 3
4 4 4 4 4
4 4 4 2 2
2 2 2 2 2
3 3 3 3 3
3 3 3 3 9
4 4 4 4 4
4 4 4 2 2
2 2 2 2 2
3 3 3 3 3
3 3 3 9 9
4 4 4 4 4
4 4 4 2 2
2 2 2 2 2
3 3 3 3 3
3 3 3 9 9
9 4 4 4 4
4 4 4 2 2
2 2 2 2 2
3 3 3 3 3
3 3 3 9 9
9 4 4 4 4
4 4 4 2 2
2 2 2 2 2
3 3 3 3 3
3 3 3 9 9
9 4 4 4 4
4 4 2 2 2
2 2 2 2 2
3 3 3 3 3
3 3 3 3 9
9 4 4 4 4
4 4 2 2 2
2 2 2 2 2
3 3 3 3 3
3 3 3 3 9
9 4 4 4 4
4 4 2 2 2
2 2 2 2 2
3 3 3 3 3
3 3 3 3 9
9 4 4 4 4
4 4 2 2 2
2 2 2 2 2
3 3 3 3 3
3 3 6 6 6
6 6 4 4 4
4 4 2 2 2
2 2 2 2 2
3 3 3 3 3
3 6 6 6 6
6 6 6 4 4
4 4 2 2 2
2 2 2 2 2
3 3 3 3 3
6 6 6 6 6
6 6 6 6 4
4 4 2 2 2
2 2 2 2 2
3 3 3 3 6
6 6 6 6 6
6 6 6 6 6
6 4 2 2 2
2 2 2 2 2
3 3 6 6 6
6 6 6 6 6
6 6 6 6 6
6 2 2 2 2
2 2 2 2 2
3 6 6 6 6
6 6 6 6 6
6 6 6 6 6
6 6 2 2 2
2 2 2 2 2
6 6 6 6 6
6 6 6 6 6
6 6 6 6 6
6 6 2 2 2
2 2 2 2 2
6 6 6 6 6
6 6 6 6 6
6 6 6 6 6
6 6 2 2 2
2 2 2 2 2
6 6 6 6 6
6 6 6 6 6
6 6 6 6 6
6 6 2 2 2
2 2 2 2 2
6 6 6 6 6
6 6 6 6 6
6 6 6 6 6
6 6 2 2 2
2 2 2 2 2
6 6 6 6 6
6 6 6 6 6
6 6 6 6 6
6 6 6 2 2
2 2 2 2 2
6 6 6 6 6
6 6 6 6 6
6 6 6 6 6
6 6 6 2 2
2 2 2 2 2
6 6 6 6 6
6 6 6 6 6
6 6 6 6 6
6 6 6 2 2
2 2 2 2 2
6 6 6 6 6
6 6 6 6 6
6 6 6 6 6
6 6 6 2 2
2 2 2 2 2
6 6 6 6 6
6 6 6 6 6
6 6 6 6 6
6 6 6 2 2
2 2 2 2 2
