6 6 6 6 6
6 6 6 6 6
6 6 6 6 8
8 8 8 8 8
8 8 8 8 8
6 6 6 6 6
6 6 6 6 6
6 6 6 6 8
8 8 8 8 8
8 8 8 7 7
6 6 6 6 6
6 6 6 6 6
6 6 6 6 8
8 8 8 8 8
8 8 7 7 7
6 6 6 6 6
6 6 6 6 6
6 6 6 6 8
8 8 8 8 8
8 7 7 7 7
6 6 6 6 6
6 6 6 6 6
6 6 6 8 8
8 8 8 8 7
7 7 7 7 7
6 6 6 6 6
6 6 6 6 6
6 6 6 8 8
8 8 8 7 7
7 7 7 7 7
6 6 6 6 6
6 6 6 6 6
6 6 6 8 8
8 7 7 7 7
7 7 7 7 7
2 2 2 6 6
6 6 6 6 6
6 6 6 6 8
7 7 7 7 7
7 7 7 7 7
2 2 2 2 2
2 2 6 6 6
6 6 6 6 6
7 7 7 7 7
7 7 7 7 7
2 2 2 2 2
2 2 2 6 6
6 6 6 6 6
6 7 7 7 7
7 7 7 7 7
2 2 2 2 2
2 2 2 6 6
6 6 6 6 6
6 6 7 7 7
7 7 7 7 7
2 2 2 2 2
2 2 2 2 6
6 6 6 6 6
6 6 6 7 7
7 7 7 7 7
2 2 2 2 2
2 2 2 2 6
6 6 6 6 6
6 6 6 6 7
7 7 7 7 7
2 2 2 2 2
2 2 2 2 6
6 6 6 6 6
6 6 6 6 6
7 7 7 7 7
2 2 2 2 2
2 2 2 2 6
6 6 6 6 6
6 6 6 6 6
3 3 3 3 3
2 2 2 2 2
2 2 2 2 2
8 6 6 6 6
6 6 6 6 6
3 3 3 3 3
2 2 2 2 2
2 2 2 2 2
8 8 8 8 8
8 8 8 8 3
3 3 3 3 3
2 2 2 2 2
2 2 2 2 2
8 8 8 8 8
8 8 8 8 3
3 3 3 3 3
2 2 2 2 2
2 2 2 2 2
8 8 8 8 8
8 8 8 3 3
3 3 3 3 3
2 2 2 2 2
2 2 2 2 2
8 8 8 8 8
8 8 8 3 3
3 3 3 3 3
4 4 2 2 2
2 2 2 2 2
8 8 8 8 8
8 8 8 3 3
3 3 3 3 3
4 4 4 4 2
2 2 2 2 2
8 8 8 8 8
8 9 9 3 3
3 3 3 3 3
4 4 4 4 4
4 2 2 2 2
9 9 9 9 9
9 9 9 3 3
3 3 3 3 3
4 4 4 4 4
4 4 4 2 9
9 9 9 9 9
9 9 9 9 3
3 3 3 3 3
4 4 4 4 4
4 4 4 4 9
9 9 9 9 9
9 9 9 9 9
3 3 3 3 3
4 4 4 4 4
4 4 4 4 9
9 9 9 9 9
9 9 9 9 9
1 3 3 3 3
4 4 4 4 4
4 4 4 4 9
9 9 9 9 9
9 9 1 1 1
1 1 3 3 3
4 4 4 4 4
4 4 4 9 9
9 9 9 9 9
1 1 1 1 1
1 1 1 3 3
4 4 4 4 4
4 4 4 9 9
9 9 1 1 1
1 1 1 1 1
1 0 0 0 0
4 4 4 4 4
4 4 4 9 1
1 1 1 1 1
1 1 1 1 1
0 0 0 0 0
4 4 4 4 4
4 4 4 1 1
1 1 1 1 1
1 1 1 0 0
0 0 0 0 0
4 4 4 4 4
4 4 4 1 1
1 1 1 1 1
1 1 0 0 0
0 0 0 0 0
4 4 4 4 4
4 4 4 1 1
1 1 1 1 1
0 0 0 0 0
0 0 0 0 0
4 4 4 4 4
4 4 4 1 1
1 1 1 1 0
0 0 0 0 0
0 0 0 0 0
4 4 4 4 4
4 4 4 4 1
1 1 1 0 0
0 0 0 0 0
0 0 0 0 0
4 4 4 4 4
4 4 4 4 4
4 0 0 0 0
0 0 0 0 0
0 0 0 0 0
4 4 4 4 4
4 4 4 4 4
4 0 0 0 0
0 0 0 0 0
0 0 0 0 0
4 4 4 4 4
4 4 4 4 4
4 4 0 0 0
0 0 0 0 0
0 0 0 0 9
4 4 4 4 4
4 4 4 4 4
4 4 4 0 0
0 0 0 0 9
9 9 9 9 9
4 4 4 4 4
4 4 4 4 4
4 4 4 9 9
9 9 9 9 9
9 9 9 9 9
4 4 4 4 4
4 4 4 4 4
4 4 4 9 9
9 9 9 9 9
9 9 9 9 9
4 4 4 4 4
4 4 4 4 4
4 4 4 9 9
9 9 9 9 9
9 9 9 9 9
4 4 4 4 4
4 4 4 4 4
4 4 4 9 9
9 9 9 9 9
9 9 9 9 9
4 4 4 4 4
4 4 4 4 4
4 4 4 9 9
9 9 9 9 9
9 9 9 9 9
4 4 4 4 4
4 4 4 4 4
4 4 4 9 9
9 9 9 9 9
9 9 9 9 9
5 5 5 5 5
5 5 5 5 5
5 5 5 9 9
9 9 9 9 9
9 9 9 9 9
5 5 5 5 5
5 5 5 5 5
5 5 5 9 9
9 9 9 9 9
9 9 9 9 9
5 5 5 5 5
5 5 5 5 5
5 5 5 5 9
9 9 9 9 9
9 9 9 9 9
5 5 5 5 5
5 5 5 5 5
5 5 5 5 9
9 9 9 9 9
9 9 9 9 9
5 5 5 5 5
5 5 5 5 5
5 5 5 5 9
9 9 9 9 9
9 9 9 9 9
