5 5 5 5 5
5 1 1 1 1
1 4 4 4 4
4 4 4 7 7
7 7 7 7 7
5 5 5 5 5
5 1 1 1 1
1 4 4 4 4
4 4 4 7 7
7 7 7 7 7
5 5 5 5 5
5 1 1 1 1
1 4 4 4 4
4 4 7 7 7
7 7 7 7 7
5 5 5 5 5
5 1 1 1 1
1 4 4 4 4
4 4 7 7 7
7 7 7 7 7
5 5 5 5 5
5 1 1 1 1
4 4 4 4 4
4 4 7 7 7
7 7 7 7 7
5 5 5 5 5
5 1 1 1 1
4 4 4 4 4
4 4 7 7 7
7 7 7 7 7
5 5 5 5 5
5 1 1 1 1
4 4 4 4 4
4 4 7 7 7
7 7 7 7 7
5 5 5 5 5
5 1 1 1 1
4 4 4 4 4
4 4 7 7 7
7 7 7 7 7
5 5 5 5 5
5 1 1 1 1
4 4 4 4 4
4 7 7 7 7
7 7 7 7 7
5 5 5 5 5
5 5 5 5 5
5 4 4 4 4
4 7 7 7 7
7 7 7 7 7
0 0 0 0 5
5 5 5 5 5
5 5 5 4 4
4 7 7 7 7
7 7 7 7 7
0 0 0 0 0
5 5 5 5 5
5 5 5 5 5
4 7 7 7 7
7 7 7 7 7
0 0 0 0 0
0 5 5 5 5
5 5 5 5 5
5 7 7 7 7
7 7 7 7 7
0 0 0 0 0
0 5 5 5 5
5 5 5 5 5
5 9 9 9 7
7 7 7 7 7
0 0 0 0 0
0 0 5 5 5
5 5 5 5 5
5 9 9 9 9
9 9 9 7 7
0 0 0 0 0
0 0 0 5 5
5 5 5 5 5
9 9 9 9 9
9 9 9 9 9
0 0 0 0 0
0 0 0 5 5
5 5 5 5 9
9 9 9 9 9
9 9 9 9 9
0 0 0 0 0
0 0 0 0 5
5 5 5 9 9
9 9 9 9 9
9 9 9 9 9
0 0 0 0 0
0 0 0 0 5
5 5 5 9 9
9 9 9 9 9
9 9 9 9 9
0 0 0 0 0
0 0 0 0 0
5 5 9 9 9
9 9 9 9 9
9 9 9 9 9
0 0 0 0 0
0 0 0 0 0
0 9 9 9 9
9 9 9 9 9
9 9 9 9 9
0 0 0 0 0
0 4 4 4 4
4 4 9 9 9
9 9 9 9 9
9 9 9 9 9
0 0 4 4 4
4 4 4 4 4
4 4 9 9 9
9 9 9 9 9
9 9 9 9 9
4 4 4 4 4
4 4 4 4 4
4 4 4 9 9
9 9 9 9 9
9 9 9 9 9
4 4 4 4 4
4 4 4 4 4
4 4 4 9 9
9 9 9 9 9
9 9 9 9 9
4 4 4 4 4
4 4 4 4 4
4 4 4 4 9
9 9 9 9 9
9 9 9 9 9
4 4 4 4 4
4 4 4 4 4
4 4 1 1 9
9 9 9 9 9
9 9 9 9 9
4 4 4 4 4
4 4 4 4 4
1 1 1 1 9
9 9 9 9 9
9 9 9 9 9
4 4 4 4 4
4 4 4 1 1
1 1 1 1 9
9 9 9 9 9
9 9 9 9 9
4 4 4 4 4
4 1 1 1 1
1 1 1 1 9
9 9 9 9 9
9 9 9 8 8
4 4 4 4 1
1 1 1 1 1
1 1 1 1 9
9 9 9 9 9
8 8 8 8 8
4 4 1 1 1
1 1 1 1 1
1 1 1 1 9
9 9 8 8 8
8 8 8 8 8
3 1 1 1 1
1 1 1 1 1
1 1 1 1 9
8 8 8 8 8
8 8 8 8 8
3 3 3 1 1
1 1 1 1 1
1 1 1 1 8
8 8 8 8 8
8 8 8 8 8
3 3 3 3 3
1 1 1 1 1
1 1 1 8 8
8 8 8 8 8
8 8 8 8 8
3 3 3 3 3
3 1 1 1 1
1 1 1 8 8
8 8 8 8 8
8 8 8 8 8
3 3 3 3 3
3 3 3 1 1
1 1 8 8 8
8 8 8 8 8
8 8 8 8 6
3 3 3 3 3
3 3 3 3 3
1 1 8 8 8
8 8 8 8 8
8 8 6 6 6
3 3 3 3 3
3 3 3 3 3
3 8 8 8 8
8 8 8 8 8
8 6 6 6 6
3 3 3 3 3
3 3 3 3 3
3 3 8 8 8
8 8 8 8 6
6 6 6 6 6
3 3 3 3 3
3 3 3 3 3
3 3 2 2 8
8 8 8 6 6
6 6 6 6 6
3 3 3 3 3
3 3 3 3 3
3 2 2 2 2
2 2 6 6 6
6 6 6 6 6
3 3 3 3 3
3 3 3 3 3
3 2 2 2 2
2 2 2 6 6
6 6 6 6 6
3 3 3 3 3
3 3 3 3 3
2 2 2 2 2
2 2 2 2 6
6 6 6 6 6
9 9 3 3 3
3 3 3 3 3
2 2 2 2 2
2 2 2 2 2
6 6 6 6 6
9 9 9 9 3
3 3 3 3 2
2 2 2 2 2
2 2 2 2 2
6 6 6 6 6
9 9 9 9 9
9 3 3 3 2
2 2 2 2 2
2 2 2 2 2
2 6 6 6 6
9 9 9 9 9
9 9 9 2 2
2 2 2 2 2
2 2 2 2 2
2 2 6 6 6
9 9 9 9 9
9 9 9 2 2
2 2 2 2 2
2 2 2 2 2
2 2 2 6 6
9 9 9 9 9
9 9 9 2 2
2 2 2 2 2
2 2 2 2 2
2 2 2 2 6
