5 5 5 5 5
5 5 5 5 5
6 7 7 7 7
7 7 7 7 7
7 7 0 0 0
5 5 5 5 5
5 5 5 6 6
3 7 7 7 7
7 7 7 7 7
7 7 7 0 0
5 5 5 5 5
5 5 6 6 6
3 3 7 7 7
7 7 7 7 7
7 7 7 0 0
5 5 5 5 5
6 6 6 6 3
3 3 3 7 7
7 7 7 7 7
7 7 7 0 0
5 5 5 5 6
6 6 6 6 3
3 3 3 7 7
7 7 7 7 7
7 7 7 0 0
5 5 6 6 6
6 6 6 3 3
3 3 3 3 7
7 7 7 7 7
7 7 7 0 0
5 6 6 6 6
6 6 6 3 3
3 3 3 3 7
7 7 7 7 7
7 7 7 7 0
6 6 6 6 6
6 6 6 3 3
3 3 3 3 3
7 7 7 7 7
7 7 7 7 0
6 6 6 6 6
6 6 3 3 3
3 3 3 3 3
3 7 7 7 7
7 7 7 7 0
6 6 6 6 6
6 6 3 3 3
3 3 3 3 3
3 7 7 7 7
7 7 7 7 0
6 6 6 6 6
6 3 3 3 3
3 3 3 3 3
8 8 7 7 7
7 7 7 7 0
6 6 6 6 6
6 3 3 3 3
3 3 8 8 8
8 8 8 7 7
7 7 7 7 7
6 6 6 6 6
3 3 3 3 8
8 8 8 8 8
8 8 8 0 0
0 0 0 0 0
6 6 6 6 6
3 8 8 8 8
8 8 8 8 8
8 8 0 0 0
0 0 0 0 0
6 6 6 6 8
8 8 8 8 8
8 8 8 8 8
8 8 0 0 0
0 0 0 0 0
6 6 6 8 8
8 8 8 8 8
8 8 8 8 8
8 0 0 0 0
0 0 0 0 0
6 8 8 8 8
8 8 8 8 8
8 8 8 8 8
8 0 0 0 0
0 0 0 0 0
8 8 8 8 8
8 8 8 8 8
8 8 8 8 8
0 0 0 0 0
0 0 0 0 0
8 8 8 8 8
8 8 8 8 8
8 8 8 8 8
0 0 0 0 0
0 0 0 0 0
8 8 8 8 8
8 8 8 8 8
8 8 8 8 0
0 0 0 0 0
0 0 0 0 0
8 8 8 8 8
8 8 8 8 8
8 8 8 0 0
0 0 0 0 0
0 0 0 0 3
8 8 8 8 9
9 9 9 9 9
9 9 9 9 0
0 0 0 0 0
0 0 0 3 3
9 9 9 9 9
9 9 9 9 9
9 9 9 9 5
5 0 0 0 0
0 3 3 3 3
9 9 9 9 9
9 9 9 9 9
9 9 9 9 5
5 5 5 5 3
3 3 3 3 3
9 9 9 9 9
9 9 9 9 9
9 9 9 9 5
5 5 5 5 5
3 3 3 3 3
9 9 9 9 9
9 9 9 9 9
9 9 9 9 5
5 5 5 5 5
3 3 3 3 5
9 9 9 9 9
9 9 9 9 9
9 9 9 9 5
5 5 5 5 5
5 3 5 5 5
9 9 9 9 9
9 9 9 9 9
9 9 9 9 5
5 5 5 5 5
5 5 5 5 5
1 9 9 9 9
9 9 9 9 9
9 9 9 9 9
5 5 5 5 5
5 5 5 5 5
1 1 9 9 9
9 9 9 9 9
9 9 9 9 9
5 5 5 5 5
5 5 5 5 5
1 1 9 9 9
9 9 9 9 9
9 9 9 4 4
4 5 5 5 5
5 5 5 5 5
1 1 1 9 9
9 9 9 9 9
9 4 4 4 4
4 4 4 5 5
5 5 5 5 5
1 1 1 9 9
9 9 9 9 9
9 4 4 4 4
4 4 4 4 4
5 5 5 5 5
1 1 1 1 9
9 9 9 9 9
9 4 4 4 4
4 4 4 4 4
4 5 5 5 5
1 1 1 1 9
9 9 9 9 9
4 4 4 4 4
4 4 4 4 4
4 5 5 5 5
1 1 1 1 1
9 9 9 9 9
4 4 4 4 4
4 4 4 4 4
4 4 5 5 5
1 1 1 1 1
9 9 9 9 9
4 4 4 4 4
4 4 4 4 4
4 4 4 5 5
1 1 1 1 1
1 9 9 9 9
4 4 4 4 4
4 4 4 4 4
4 4 4 5 5
1 1 1 1 1
1 1 9 9 9
4 4 4 4 4
4 4 4 4 4
4 4 4 4 5
1 1 1 1 1
1 1 9 9 9
4 4 4 4 4
4 4 4 4 4
4 4 4 4 4
1 1 1 1 1
1 1 1 3 3
3 3 3 3 4
4 4 4 4 4
4 4 4 4 4
1 1 1 1 1
1 1 3 3 3
3 3 3 3 3
3 3 3 3 4
4 4 4 4 4
1 1 1 1 1
1 3 3 3 3
3 3 3 3 3
3 3 3 3 3
3 3 3 4 4
1 1 1 1 3
3 3 3 3 3
3 3 3 3 3
3 3 3 3 3
3 3 3 3 3
1 1 1 3 3
3 3 3 3 3
3 3 3 3 3
3 3 3 3 3
3 3 3 3 3
1 1 3 3 3
3 3 3 3 3
3 3 3 3 3
3 3 3 3 3
3 3 3 3 3
1 3 3 3 3
3 3 3 3 3
3 3 3 3 3
3 3 3 3 3
3 3 3 3 3
3 3 3 3 3
3 3 3 3 3
3 3 3 3 3
3 3 3 3 3
3 3 3 3 3
3 3 3 3 3
3 3 3 3 3
3 3 3 3 3
3 3 3 3 3
3 3 3 3 3
3 3 3 3 3
3 3 3 3 3
3 3 3 3 3
3 3 3 3 3
3 3 3 3 3
