4 4 4 4 4
4 8 8 8 8
8 8 8 1 1
1 1 1 1 1
1 1 1 1 1
4 4 4 4 4
4 8 8 8 8
8 8 8 1 1
1 1 1 1 1
1 1 1 1 1
4 4 4 4 4
8 8 8 8 8
8 8 8 8 1
1 1 1 1 1
1 1 1 1 1
4 4 4 4 8
8 8 8 8 8
8 8 8 8 1
1 1 1 1 1
1 1 1 1 1
4 4 4 4 8
8 8 8 8 8
8 8 8 8 8
1 1 1 1 1
1 1 1 1 1
4 4 4 8 8
8 8 8 8 8
8 8 8 8 8
1 1 1 1 1
1 1 1 1 1
4 4 8 8 8
8 8 8 8 8
8 8 8 8 8
1 1 1 1 1
1 1 1 1 1
4 4 8 8 8
8 8 8 8 8
8 8 8 8 8
8 1 1 1 1
1 1 1 1 1
4 8 8 8 8
8 8 8 8 8
8 8 8 8 8
8 1 1 1 1
1 1 1 1 1
4 8 8 8 8
8 8 8 8 8
8 8 8 8 8
8 1 1 1 1
1 1 1 1 1
8 8 8 8 8
8 8 8 8 8
8 8 8 8 8
8 8 1 1 1
1 1 1 1 1
8 8 8 8 8
8 8 8 8 8
8 8 8 8 8
8 8 1 1 1
1 1 1 1 1
8 8 8 8 8
8 8 8 8 8
8 8 8 8 8
8 8 1 1 1
1 1 1 1 1
8 8 8 8 8
8 8 8 8 8
8 8 8 8 8
8 8 3 3 3
3 3 3 3 3
8 8 8 8 8
8 8 8 8 8
8 8 8 8 8
3 3 3 3 3
3 3 3 3 3
8 8 8 8 8
8 8 8 8 8
8 8 8 8 3
3 3 3 3 3
3 3 3 3 3
8 8 8 8 8
8 8 8 8 8
8 8 3 3 3
3 3 3 3 3
3 3 3 3 3
8 8 8 8 8
8 8 8 8 8
3 3 3 3 3
3 3 3 3 3
3 3 3 3 3
8 8 8 8 8
8 8 8 8 3
3 3 3 3 3
3 3 3 3 3
3 3 3 3 3
5 8 8 8 8
8 8 3 3 3
3 3 3 3 3
3 3 3 3 3
3 3 3 3 3
5 5 5 5 5
8 3 3 3 3
3 3 3 3 3
3 3 3 3 3
3 3 3 3 3
5 5 5 5 5
5 3 3 3 3
3 3 3 3 3
3 3 3 3 3
3 3 3 3 3
5 5 5 5 5
5 5 3 3 3
3 3 3 3 3
3 3 3 3 3
3 3 3 3 3
5 5 5 5 5
5 5 3 3 3
3 3 3 3 3
3 3 3 3 3
3 3 3 3 3
5 5 5 5 5
5 5 5 3 3
3 3 3 3 3
3 3 3 3 3
3 3 3 3 3
5 5 5 5 5
5 5 5 3 3
3 3 3 3 3
3 3 3 3 3
3 3 3 3 3
5 5 5 5 5
5 5 5 5 3
3 3 3 3 3
3 3 3 3 3
3 3 3 3 3
5 5 5 5 5
5 5 5 5 3
3 3 3 3 3
3 3 3 3 3
3 3 3 3 3
5 5 5 5 5
5 5 5 5 5
9 3 3 3 3
3 3 3 3 3
3 3 3 3 3
5 5 5 5 5
5 5 5 5 5
9 9 9 9 9
9 3 3 3 3
3 3 3 3 3
5 5 5 5 5
5 5 5 5 5
9 9 9 9 9
9 9 9 9 9
9 3 3 3 3
5 5 5 5 5
5 5 5 5 9
9 9 9 9 9
9 9 9 9 9
9 9 9 9 9
5 5 5 5 5
5 5 5 5 9
9 9 9 9 9
9 9 9 9 9
9 9 9 9 9
5 5 5 5 5
5 5 5 5 9
9 9 9 9 9
9 9 9 9 9
9 9 9 9 9
5 5 5 5 5
5 5 5 5 9
9 9 9 9 9
9 9 9 9 9
9 9 9 9 9
5 5 5 5 5
5 5 5 6 6
9 9 9 9 9
9 9 9 9 9
9 9 9 9 9
5 5 5 5 5
5 6 6 6 6
9 9 9 9 9
9 9 9 9 9
9 9 9 9 9
5 5 5 5 6
6 6 6 6 6
6 9 9 9 9
9 9 9 9 9
9 9 9 9 9
5 5 6 6 6
6 6 6 6 6
6 6 6 9 9
9 9 9 9 9
9 9 9 9 1
6 6 6 6 6
6 6 6 3 6
6 6 6 4 4
4 4 4 9 9
9 9 1 1 1
6 6 6 6 6
6 6 3 3 6
6 6 6 4 4
4 4 4 4 4
4 1 1 1 1
6 6 6 6 6
6 3 3 3 6
6 6 6 6 4
4 4 4 4 4
4 1 1 1 1
6 6 6 6 6
3 3 3 3 6
6 6 6 6 4
4 4 4 4 4
4 1 1 1 1
6 6 6 6 6
3 3 3 6 6
6 6 6 6 4
4 4 4 4 4
4 1 1 1 1
6 6 6 6 3
3 3 3 6 6
6 6 6 6 4
4 4 4 4 4
4 1 1 1 1
6 6 6 3 3
3 3 3 6 6
6 6 6 6 6
4 4 4 4 4
1 1 1 1 1
6 6 3 3 3
3 3 1 1 1
1 6 6 6 6
6 4 4 4 4
6 6 6 6 6
6 3 3 3 3
1 1 1 1 1
1 6 6 6 6
6 6 4 4 6
6 6 6 6 6
3 3 3 3 1
1 1 1 1 1
1 6 6 6 6
6 6 6 6 6
6 6 6 6 6
3 3 1 1 1
1 1 1 1 1
6 6 6 6 6
6 6 6 6 6
6 6 6 6 6
