0 0 0 0 0
0 0 0 0 0
0 0 0 0 0
8 8 8 8 8
8 7 7 7 7
0 0 0 0 0
0 0 0 0 0
0 0 0 0 0
0 8 8 8 8
7 7 7 7 7
0 0 0 0 0
0 0 0 0 0
0 0 0 0 0
0 8 8 8 8
7 7 7 7 7
0 0 0 0 0
0 0 0 0 0
0 0 0 0 0
0 0 8 8 7
7 7 7 7 7
4 0 0 0 0
0 0 0 0 0
0 0 0 0 0
0 0 8 7 7
7 7 7 7 7
4 4 4 0 0
0 0 0 0 0
0 0 0 0 0
0 0 0 7 7
7 7 7 7 7
4 4 4 4 4
4 0 0 0 0
0 0 0 0 0
0 0 0 7 7
7 7 7 7 7
4 4 4 4 4
4 4 4 4 0
0 0 0 0 0
0 0 7 7 7
7 7 7 7 7
4 4 4 4 4
4 4 4 4 4
4 4 0 0 0
0 2 2 2 2
2 7 7 7 7
4 4 4 4 4
4 4 4 4 4
4 4 4 4 2
2 2 2 2 2
2 2 2 2 2
4 4 4 4 4
4 4 4 4 4
4 4 4 4 2
2 2 2 2 2
2 2 2 2 2
4 4 4 4 4
4 4 4 4 4
4 4 4 4 2
2 2 2 2 2
2 2 2 2 2
4 4 4 4 4
4 4 4 4 4
4 4 4 2 2
2 2 2 2 2
2 2 2 2 2
4 4 4 4 4
4 4 4 4 4
4 4 2 2 2
2 2 2 2 2
2 2 2 2 2
4 4 4 4 4
4 4 4 4 4
4 2 2 2 2
2 2 2 2 2
2 2 2 2 2
4 4 4 4 4
4 4 4 4 4
4 2 2 2 2
2 2 2 2 2
2 2 2 2 2
4 4 4 4 4
4 4 4 4 4
2 2 2 2 2
2 2 2 2 2
2 2 2 2 2
4 4 4 4 4
4 4 4 4 2
2 2 2 2 2
2 2 2 2 2
2 2 2 2 2
4 4 4 4 4
4 4 4 2 2
2 2 2 2 2
2 2 2 2 2
2 2 2 2 2
4 4 4 4 4
4 4 2 2 2
2 2 2 2 2
2 2 2 2 2
2 8 8 8 8
4 4 4 4 4
4 4 2 2 2
2 2 2 2 2
2 2 2 8 8
8 8 8 8 8
4 4 4 4 4
4 2 2 2 2
2 2 2 2 2
2 2 8 8 8
8 8 8 8 8
4 4 4 4 4
2 2 2 2 2
2 2 2 2 2
2 8 8 8 8
8 8 8 8 8
8 8 8 8 8
8 8 8 8 2
2 2 2 2 2
2 8 8 8 8
8 8 8 8 8
8 8 8 8 8
8 8 8 8 8
8 8 8 8 8
8 8 8 8 8
8 8 8 8 8
8 8 8 8 8
8 8 8 8 8
8 8 8 8 8
8 8 8 8 8
8 8 8 8 8
8 8 8 8 8
8 8 8 8 8
8 8 8 8 8
8 8 8 8 8
8 8 8 8 8
8 8 8 8 8
8 8 8 8 8
8 8 8 8 8
8 8 3 8 8
8 8 8 8 8
8 8 8 8 8
8 8 8 8 8
8 8 8 8 8
8 3 3 3 3
3 3 8 8 8
6 6 6 6 8
8 8 8 8 8
8 8 8 8 8
8 3 3 3 3
3 3 3 3 3
6 6 6 6 6
6 6 6 8 8
8 8 8 8 8
8 3 3 3 3
3 3 3 3 3
6 6 6 6 6
6 6 6 6 6
6 8 8 8 8
8 3 3 3 3
3 3 3 3 3
6 6 6 6 6
6 6 6 6 6
6 6 6 6 6
3 3 3 3 3
3 3 3 3 3
6 6 6 6 6
6 6 6 6 6
6 6 6 6 6
6 3 3 3 3
3 3 3 3 3
6 6 6 6 6
6 6 6 6 6
6 6 6 6 6
6 6 6 6 3
3 3 3 3 3
6 6 6 6 6
6 6 6 6 6
6 6 6 6 6
6 6 6 6 6
6 6 3 3 3
6 6 6 6 6
6 6 6 6 6
6 6 6 6 6
6 6 6 6 6
6 6 6 6 6
6 6 6 6 6
6 6 6 6 6
6 6 6 6 6
6 6 6 6 6
6 6 6 6 6
9 6 6 6 6
6 6 6 6 6
6 6 6 6 6
6 6 6 6 6
6 6 6 6 6
9 9 9 9 9
9 9 9 9 9
9 9 9 6 6
6 6 6 6 6
6 6 6 6 6
9 9 9 9 9
9 9 9 9 9
9 9 9 9 6
6 6 6 6 6
6 6 6 6 6
9 9 9 9 9
9 9 9 9 9
9 9 9 9 6
6 6 6 6 6
6 6 6 6 1
9 9 9 9 9
9 9 9 9 9
9 9 9 9 9
6 6 6 6 6
6 6 1 1 1
9 9 9 9 9
9 9 9 9 9
9 9 9 9 9
9 6 6 6 6
1 1 1 1 1
9 9 9 9 9
9 9 9 9 9
9 9 9 9 5
5 5 1 1 1
1 1 1 1 1
9 9 9 9 9
9 9 9 9 9
9 9 9 5 5
5 5 1 1 1
1 1 1 1 1
9 9 9 9 9
9 9 9 9 9
9 5 5 5 5
5 5 1 1 1
1 1 1 1 1
9 9 9 9 9
9 9 9 9 9
5 5 5 5 5
5 5 1 1 1
1 1 1 1 1
9 9 9 9 9
9 9 9 5 5
5 5 5 5 5
5 5 5 1 1
1 1 1 1 1
9 9 9 9 9
9 5 5 5 5
5 5 5 5 5
5 5 5 1 1
1 1 1 1 1
