8 8 8 6 6
6 6 6 2 2
2 2 2 2 2
2 2 9 9 9
9 9 9 9 9
8 8 8 6 6
6 6 6 6 2
2 2 2 2 2
2 2 2 9 9
9 9 9 9 9
8 8 8 6 6
6 6 6 6 2
2 2 2 2 2
2 2 2 9 9
9 9 9 9 9
8 8 8 6 6
6 6 6 6 6
2 2 2 2 2
2 2 2 2 9
9 9 9 9 9
8 8 8 6 6
6 6 6 6 6
2 2 2 2 2
2 2 2 2 2
9 9 9 9 9
8 8 8 8 6
6 6 6 6 6
2 2 2 2 2
2 2 2 2 2
9 9 9 9 9
8 8 8 8 6
6 6 6 6 6
6 2 2 2 2
2 2 2 2 2
2 9 9 9 9
8 8 8 8 6
6 6 6 6 6
6 2 2 2 2
2 2 2 2 2
2 9 9 9 9
8 8 8 8 6
6 6 6 6 6
6 6 2 2 2
2 2 2 2 2
2 2 9 9 9
8 8 8 8 6
6 6 6 6 6
6 6 2 2 2
2 2 2 2 2
2 2 9 9 9
8 8 8 8 8
6 6 6 6 6
6 6 6 2 2
2 2 2 2 2
2 2 2 9 9
8 8 8 8 8
6 6 6 6 6
6 6 6 2 2
2 2 2 2 2
2 2 2 9 9
8 8 8 8 8
6 6 6 6 6
6 6 6 6 2
2 2 2 2 2
2 2 2 2 9
8 8 8 8 8
6 6 6 6 6
6 6 6 3 2
2 2 2 2 2
2 2 2 2 2
8 8 8 8 8
6 6 6 6 6
6 6 3 3 3
3 2 2 2 2
2 2 2 2 2
8 8 8 8 8
8 6 6 6 6
3 3 3 3 3
3 3 2 2 2
2 2 2 2 2
8 8 8 8 8
8 6 6 6 3
3 3 3 3 3
3 3 3 2 2
2 2 2 2 2
8 8 8 8 8
8 6 3 3 3
3 3 3 3 3
3 3 3 3 2
2 2 2 2 2
8 8 8 8 8
8 3 3 3 3
3 3 3 3 3
3 3 3 3 3
2 2 2 2 2
8 8 8 9 9
9 3 3 3 3
3 3 3 3 3
3 3 3 3 0
0 0 0 0 8
9 9 9 9 9
9 9 3 3 3
3 3 3 3 3
3 3 3 0 0
0 0 0 8 8
9 9 9 9 9
9 9 9 3 3
3 3 3 3 3
3 0 0 0 0
0 0 0 8 8
9 9 9 9 9
9 9 9 9 3
3 3 3 3 0
0 0 0 0 0
0 0 0 8 8
9 9 9 9 9
9 9 9 9 3
3 3 0 0 0
0 0 0 0 0
0 0 8 8 8
9 9 9 9 9
9 9 9 9 9
3 0 0 0 0
0 0 0 0 0
0 0 8 8 8
9 9 9 9 9
9 9 9 9 9
0 0 0 0 0
0 0 0 0 0
0 0 8 8 8
9 9 9 9 9
9 9 9 9 9
0 0 0 0 0
0 0 0 0 0
0 8 8 8 8
9 9 9 9 9
9 9 9 9 9
0 0 0 0 0
0 0 0 0 0
0 8 8 8 8
4 4 4 9 9
9 9 9 9 0
0 0 0 0 0
0 0 0 0 0
8 8 8 8 8
4 4 4 4 4
4 4 4 4 4
4 4 4 4 0
0 0 0 0 0
8 8 8 8 8
4 4 4 4 4
4 4 4 4 4
4 4 4 4 4
4 4 4 4 4
8 8 8 8 8
4 4 4 4 4
4 4 4 4 4
4 4 4 4 4
4 4 4 4 4
8 8 8 8 8
4 4 4 4 4
4 4 4 5 5
4 4 4 4 4
4 4 4 4 4
4 8 8 8 8
4 4 4 4 4
4 4 5 5 5
5 4 4 4 4
4 4 4 4 4
4 8 8 8 8
4 4 4 4 4
4 5 5 5 5
5 5 5 5 5
4 4 4 4 3
3 3 8 8 8
4 4 4 4 4
4 5 5 5 5
5 5 5 5 5
5 5 5 3 3
3 3 3 8 8
4 4 4 4 4
5 5 5 5 5
5 5 5 5 5
5 5 3 3 3
3 3 3 3 3
4 4 4 4 5
5 5 5 5 5
5 5 5 5 5
5 5 3 3 3
3 3 3 3 3
4 4 4 5 5
5 5 5 5 5
5 5 5 5 5
5 5 3 3 3
3 3 3 3 3
4 4 5 5 5
5 5 5 5 5
5 5 5 5 5
5 5 3 3 3
3 3 3 3 3
4 5 5 5 5
5 5 5 5 5
5 5 5 5 5
5 5 3 3 3
3 3 3 3 3
9 9 9 5 5
5 5 5 5 5
5 5 5 5 5
5 5 3 3 3
3 3 3 3 3
9 9 9 9 7
7 5 5 5 5
5 5 5 5 5
5 3 3 3 3
3 3 3 3 3
9 9 9 9 7
7 7 7 7 7
7 7 5 5 5
5 3 3 3 3
3 3 3 3 3
9 9 9 9 9
7 7 7 7 7
7 7 7 7 5
5 3 3 3 3
3 3 3 3 3
9 9 9 9 9
7 7 7 7 7
7 7 7 7 7
5 3 3 3 3
3 3 3 3 3
9 9 9 9 9
7 7 7 7 7
7 7 7 7 7
7 3 3 3 3
3 3 3 3 3
9 9 9 9 9
9 7 7 7 7
7 7 7 7 7
7 7 3 3 3
3 3 3 3 3
9 9 9 9 9
9 7 7 7 7
7 7 7 7 7
7 7 7 3 3
3 3 3 3 3
9 9 9 9 9
9 7 7 7 7
7 7 7 7 7
7 7 7 3 3
3 3 3 3 3
