4 4 1 1 1
1 1 1 1 1
1 1 1 1 1
1 1 1 1 1
1 1 1 1 0
4 4 4 1 1
1 1 1 1 1
1 1 1 1 1
1 1 1 1 1
1 1 1 0 0
4 4 4 4 4
1 1 1 1 1
1 1 1 1 1
1 1 1 1 1
1 1 1 0 0
4 4 4 4 4
4 1 1 1 1
1 1 1 1 1
1 1 1 1 1
1 5 0 0 0
4 4 4 4 4
4 4 4 1 1
1 1 1 1 1
1 1 1 1 1
5 5 0 0 0
4 4 4 4 4
4 4 4 4 1
1 1 1 1 1
1 1 1 5 5
5 5 0 0 0
4 4 4 4 4
4 4 4 4 4
1 1 1 1 1
1 1 5 5 5
5 5 0 0 0
4 4 4 4 4
4 4 4 4 4
4 4 1 1 1
5 5 5 5 5
5 5 0 0 0
4 4 4 4 4
4 4 4 4 4
4 4 4 7 7
5 5 5 5 5
5 5 0 0 0
4 4 4 4 4
4 4 4 4 4
4 4 4 7 7
5 5 5 5 5
5 5 0 0 0
4 4 4 4 4
4 4 4 4 4
4 4 7 7 7
7 5 5 5 5
5 5 0 0 0
4 4 4 4 4
4 4 4 4 4
4 4 7 7 7
7 5 5 5 5
5 5 0 0 0
4 4 4 4 4
4 4 4 4 4
4 7 7 7 7
7 7 5 5 5
5 5 0 0 0
4 4 4 4 4
4 4 4 4 4
4 7 7 7 7
7 7 5 5 5
5 5 0 0 0
4 4 4 4 4
4 4 4 4 4
7 7 7 7 7
7 7 7 5 5
5 0 0 0 0
4 4 4 4 4
4 4 4 4 4
7 7 7 7 7
7 7 7 5 5
5 0 0 0 0
4 4 4 4 4
4 4 4 4 7
7 7 7 7 7
7 7 7 7 5
5 0 0 0 0
9 9 9 9 9
4 4 4 7 7
7 7 7 7 7
7 7 7 7 5
5 0 0 0 0
9 9 9 9 9
9 9 9 9 7
7 7 7 7 7
7 7 7 7 7
5 0 0 0 0
9 9 9 9 9
9 9 9 9 9
7 7 7 7 7
7 7 7 7 7
5 0 0 0 0
9 9 9 9 9
9 9 9 9 9
9 9 7 7 7
7 7 7 7 7
2 2 2 2 2
9 9 9 9 9
9 9 9 9 9
9 9 9 7 7
7 7 7 2 2
2 2 2 2 2
9 9 9 9 9
9 9 9 9 9
9 9 9 9 7
7 2 2 2 2
2 2 2 2 2
9 9 9 9 9
9 9 9 9 9
9 9 9 9 9
2 2 2 2 2
2 2 2 2 2
9 9 9 9 9
9 9 9 9 9
9 9 9 9 9
2 2 2 2 2
2 2 2 2 2
9 9 9 9 9
9 9 9 9 9
9 9 9 9 9
2 2 2 2 2
2 2 2 2 2
9 9 9 9 9
9 9 9 9 9
9 9 9 9 9
2 2 2 2 2
2 2 2 2 2
9 9 9 9 9
9 9 9 9 9
9 9 9 8 8
2 2 2 2 2
2 2 2 2 2
9 9 9 9 9
9 9 8 8 8
8 8 8 8 8
2 2 2 2 2
2 2 2 2 2
1 1 8 8 8
8 8 8 8 8
8 8 8 8 8
2 2 2 2 2
2 2 2 2 2
1 1 1 8 8
8 8 8 8 8
8 8 8 8 8
8 2 2 2 2
2 2 2 2 2
1 1 1 3 8
8 8 8 8 8
8 8 8 8 8
8 2 2 2 2
2 2 2 2 2
1 1 1 3 3
3 8 8 8 8
8 8 8 8 8
8 2 2 2 2
2 2 2 2 2
1 1 1 1 3
3 3 3 8 8
8 8 8 8 8
8 3 3 3 3
3 3 3 3 3
1 1 1 1 3
3 3 3 3 3
8 8 8 8 8
8 3 3 3 3
3 3 3 3 3
1 1 1 1 3
3 3 3 3 3
3 3 8 8 8
3 3 3 3 3
3 3 3 3 3
2 1 1 1 6
3 3 3 3 3
3 3 3 3 8
3 3 3 3 3
3 3 3 3 3
2 2 6 6 6
6 6 6 6 3
3 3 3 3 3
3 3 3 3 3
3 3 3 3 3
2 2 6 6 6
6 6 6 6 6
6 6 6 3 8
8 3 3 3 3
3 3 3 3 3
3 3 6 6 6
6 6 6 6 6
6 6 6 6 8
8 8 8 8 8
3 3 3 3 3
3 3 6 6 6
6 6 6 6 6
6 6 6 6 8
8 8 8 8 8
8 8 8 3 3
3 3 6 6 6
6 6 6 6 6
6 6 6 6 8
8 8 8 8 8
8 8 8 8 8
3 3 6 6 6
6 6 6 6 6
6 6 6 8 8
8 8 8 8 8
8 8 8 8 8
3 3 3 6 6
6 6 6 6 6
6 6 6 8 8
8 8 8 8 8
8 8 8 8 8
3 3 3 6 6
6 6 6 6 6
6 6 6 8 8
8 8 8 8 8
8 8 8 8 8
3 3 3 6 6
6 6 6 6 6
6 6 6 8 8
8 8 8 8 8
8 8 8 8 8
3 3 3 6 6
6 6 6 6 6
6 6 6 8 8
8 8 8 8 8
8 8 8 8 8
3 3 3 6 6
6 6 6 6 6
6 6 6 8 8
8 8 8 8 8
8 8 8 8 8
3 3 3 6 6
6 6 6 6 6
6 6 6 8 8
8 8 8 8 8
8 8 8 8 8
3 3 3 3 6
6 6 6 6 6
6 6 6 8 8
8 8 8 8 8
8 8 8 8 8
