2 2 2 2 2
2 2 2 2 6
6 6 6 6 6
9 9 9 9 9
9 9 9 9 9
2 2 2 2 2
2 2 2 2 6
6 6 6 6 6
6 9 9 9 9
9 9 9 9 9
2 2 2 2 2
2 2 2 6 6
6 6 6 6 6
6 6 9 9 9
9 9 9 9 9
2 2 2 2 2
2 2 2 6 6
6 6 6 6 6
6 6 9 9 9
9 9 9 9 9
2 2 2 2 2
2 2 2 6 6
6 6 6 6 6
6 6 6 9 9
9 9 9 9 9
2 2 2 2 2
2 2 2 6 6
6 6 6 6 6
6 6 6 1 9
9 9 9 9 9
2 2 2 2 2
2 2 2 6 6
6 6 6 6 6
6 6 6 1 1
1 9 9 9 9
2 2 2 2 2
2 5 5 6 6
6 6 6 6 6
6 6 6 1 1
1 1 9 9 9
2 2 2 5 5
5 5 5 5 6
6 6 6 6 6
6 6 6 6 1
1 1 1 9 9
2 5 5 5 5
5 5 5 5 5
6 6 6 6 6
6 6 6 6 1
1 1 1 1 1
5 5 5 5 5
5 5 5 5 5
5 5 6 6 6
6 6 6 6 1
1 1 1 1 1
5 5 5 5 5
5 5 5 5 5
5 5 5 6 6
6 6 6 6 1
1 1 1 1 1
5 5 5 5 5
5 5 5 5 5
5 5 5 6 6
6 6 6 6 1
1 1 1 1 1
5 5 5 5 5
5 5 5 5 5
5 5 5 5 6
6 6 6 6 1
1 1 1 1 1
5 5 5 5 5
5 5 5 5 5
5 5 5 5 6
6 6 6 6 6
1 1 1 1 1
5 5 5 5 5
5 5 5 5 5
5 5 5 5 6
6 6 6 6 6
1 1 1 1 1
5 5 5 5 5
5 5 5 5 5
5 5 5 5 6
6 6 6 6 6
1 1 1 1 1
5 5 5 5 5
5 5 5 5 5
5 5 5 5 5
6 6 6 6 6
1 1 1 1 1
4 4 4 4 4
5 5 5 5 5
5 5 5 5 5
6 6 6 1 1
1 1 1 1 1
4 4 4 4 4
4 4 4 4 4
4 5 5 5 1
1 1 1 1 1
1 1 1 1 1
4 4 4 4 4
4 4 4 4 4
4 4 4 4 1
1 1 1 1 1
1 1 1 1 1
4 4 4 4 4
4 4 4 4 4
4 4 4 4 1
1 1 1 1 1
1 1 1 1 1
4 4 4 4 4
4 4 4 4 4
4 4 4 4 1
1 1 1 1 1
1 1 1 1 1
4 4 4 4 4
4 4 4 4 4
4 4 4 4 1
1 1 1 1 1
1 1 1 1 1
4 4 4 4 4
4 4 4 4 4
4 4 4 1 1
1 1 1 1 1
1 1 1 1 1
4 4 4 4 4
4 4 4 4 4
4 4 4 1 1
1 1 1 1 1
1 1 1 1 1
4 4 4 4 4
4 4 4 4 4
4 4 4 1 1
1 1 1 1 1
1 1 1 1 1
4 4 4 4 4
4 4 4 4 4
4 4 7 7 1
1 1 1 1 1
1 1 1 1 1
4 4 4 4 4
4 4 4 4 4
4 7 7 7 1
1 1 1 1 1
1 1 1 1 1
4 4 4 4 4
4 4 4 4 4
4 7 7 7 7
1 1 1 1 1
1 1 1 1 1
4 4 4 4 4
4 4 4 4 4
7 7 7 7 7
7 1 1 1 1
1 1 1 1 1
4 4 4 4 4
4 4 4 4 7
7 7 7 7 7
7 5 1 1 1
1 1 1 1 1
4 4 4 4 4
4 4 4 7 7
7 7 7 7 7
7 5 5 5 1
1 1 1 1 1
4 4 4 4 4
4 4 7 7 7
7 7 7 7 7
7 5 5 5 5
1 1 1 1 1
4 4 4 4 4
4 7 7 7 7
7 7 7 7 7
7 5 5 5 1
1 1 1 1 1
4 4 4 4 4
7 7 7 7 7
7 7 7 7 7
7 5 5 5 1
1 1 1 1 1
4 4 4 4 7
7 7 7 7 7
7 7 7 7 7
5 5 5 5 1
1 1 1 1 1
8 8 8 8 7
7 7 7 7 7
7 7 7 7 7
5 5 5 5 1
1 1 1 1 1
8 8 8 8 8
7 7 7 7 7
7 7 7 7 7
5 5 5 5 1
1 1 9 9 9
8 8 8 8 8
7 7 7 7 7
7 7 7 7 7
5 5 5 1 1
9 9 9 9 9
8 8 8 8 8
7 7 7 7 7
7 7 7 7 7
5 5 5 9 9
9 9 9 9 9
8 8 8 8 8
7 7 7 7 7
7 7 7 7 7
5 9 9 9 9
9 9 9 9 9
8 8 8 8 8
8 7 7 7 7
7 7 7 9 9
9 9 9 9 9
9 9 9 9 9
8 8 8 8 8
8 7 7 7 7
7 7 7 9 9
9 9 9 9 9
9 9 9 9 9
8 8 8 8 8
8 7 7 7 7
7 7 7 9 9
9 9 9 9 9
9 9 9 9 9
8 8 8 8 8
8 7 7 7 7
7 7 9 9 9
9 9 9 9 9
9 9 9 9 9
8 8 8 8 8
8 7 7 7 7
7 7 9 9 9
9 9 9 9 9
9 9 9 9 9
8 8 8 8 8
8 7 7 7 7
7 7 9 9 9
9 9 9 9 9
9 9 9 9 9
8 8 8 8 8
8 8 7 7 7
7 9 9 9 9
9 9 9 9 9
9 9 9 9 9
8 8 8 8 8
8 8 7 7 7
7 9 9 9 9
9 9 9 9 9
9 9 9 9 9
