5 5 5 5 5
5 5 5 5 5
5 5 1 1 1
1 1 1 1 1
1 1 1 1 1
5 5 5 5 5
5 5 5 5 5
5 5 1 1 1
1 1 1 1 1
1 1 1 1 1
5 5 5 5 5
5 5 5 5 5
5 1 1 1 1
1 1 1 1 1
1 1 1 1 1
5 5 5 5 5
5 5 5 5 5
5 1 1 1 1
1 1 1 1 1
1 1 1 1 6
5 5 5 5 5
5 5 5 5 5
5 1 1 1 1
1 1 1 1 1
1 1 1 6 6
5 5 5 5 5
5 5 5 5 5
1 1 1 1 1
1 1 1 1 1
1 1 6 6 6
5 5 5 5 5
5 5 5 5 5
1 1 1 1 1
1 1 1 1 1
1 6 6 6 6
5 5 5 5 5
5 5 5 5 5
1 1 1 1 1
1 1 1 1 1
1 6 6 6 6
5 5 5 5 5
5 5 5 5 5
1 1 1 1 1
1 1 1 1 1
6 6 6 6 6
7 7 5 5 5
5 5 5 5 1
1 1 1 1 1
1 1 1 1 6
6 6 6 6 6
7 7 7 7 7
5 5 5 5 1
1 1 1 1 1
1 1 1 6 6
6 6 6 6 6
7 7 7 7 7
7 7 7 7 7
1 1 1 1 1
1 1 6 6 6
6 6 6 6 6
7 7 7 7 7
7 7 7 7 7
7 7 1 1 1
1 6 6 6 6
6 6 6 6 6
7 7 7 7 7
7 7 7 7 7
7 7 7 7 1
6 6 6 6 6
6 6 6 6 6
7 7 7 7 7
7 7 7 7 7
7 7 7 7 7
6 6 6 6 6
6 6 6 6 6
7 7 7 7 7
7 7 7 7 7
7 7 7 7 7
6 6 6 6 6
6 6 6 6 6
7 7 7 7 7
7 7 7 7 7
7 7 7 7 6
6 6 6 6 6
6 6 6 6 6
7 7 7 7 7
7 7 7 7 7
7 7 7 7 6
6 6 6 6 6
6 6 6 6 6
7 7 7 7 7
7 7 7 7 7
7 7 7 6 6
6 6 6 6 6
6 6 6 6 6
7 7 7 7 7
7 7 7 7 7
7 7 7 6 6
6 6 6 6 6
6 6 3 6 6
7 7 7 1 1
7 7 7 7 7
7 7 6 6 6
6 6 6 6 6
3 3 3 3 3
1 1 1 1 1
1 7 7 7 7
7 7 6 6 6
6 6 6 6 3
3 3 3 3 3
1 1 1 1 1
1 1 7 7 7
7 7 6 6 6
6 6 3 3 3
3 3 3 3 3
1 1 1 1 1
1 1 7 7 7
7 6 6 6 6
6 3 3 3 3
3 3 3 3 3
1 1 1 1 1
1 1 1 7 7
7 6 6 6 3
3 3 3 3 3
3 3 3 3 3
1 1 1 1 1
1 1 1 1 7
6 6 6 3 3
3 3 3 3 3
3 3 3 3 3
1 1 1 1 1
1 1 1 1 1
6 3 3 3 3
3 3 3 3 3
3 3 3 3 3
1 1 1 1 1
1 1 1 1 1
9 9 9 9 9
3 3 3 3 3
3 3 3 3 3
1 1 1 3 3
3 3 3 3 3
9 9 9 9 9
9 9 9 9 9
3 3 3 3 3
3 3 3 3 3
3 3 3 3 3
9 9 9 9 9
9 9 9 9 9
9 9 9 9 9
3 3 3 3 3
3 3 3 3 3
9 9 9 9 9
9 9 9 9 9
9 9 9 9 9
3 3 3 3 3
3 3 3 3 3
9 9 9 9 9
9 9 9 9 9
9 9 9 9 9
3 3 3 3 3
3 3 3 3 3
9 9 9 9 9
9 9 9 9 9
9 9 9 9 9
3 3 3 3 3
3 3 3 3 3
9 9 9 9 9
9 9 9 9 9
9 9 9 9 9
3 3 3 3 3
3 3 3 3 9
9 9 9 9 9
2 2 2 2 2
2 2 2 2 2
3 3 3 3 3
3 3 9 9 9
9 2 2 2 2
2 2 2 2 2
2 2 2 2 2
3 3 3 3 3
9 9 9 9 9
9 2 2 2 2
2 2 2 2 2
2 2 2 2 2
3 3 3 9 9
9 9 9 9 9
9 9 2 2 2
2 2 2 2 2
2 2 2 2 2
3 9 9 9 9
9 9 9 9 9
9 9 2 2 2
2 2 2 2 2
2 2 2 2 2
9 9 9 9 9
9 9 9 9 9
9 9 2 2 2
2 2 2 2 2
2 2 2 4 4
9 9 9 9 9
9 9 9 9 9
9 9 9 2 2
2 2 2 2 2
2 4 4 4 4
8 8 9 9 9
9 9 9 9 9
9 9 9 2 2
2 2 2 4 4
4 4 4 4 4
8 8 8 8 8
8 8 8 8 8
9 9 9 2 2
2 4 4 4 4
4 4 4 4 4
8 8 8 8 8
8 8 8 8 8
8 8 8 8 4
4 4 4 4 4
4 4 4 4 4
8 8 8 8 8
8 8 8 8 8
8 8 8 8 4
4 4 4 4 4
4 4 4 4 4
8 8 8 8 8
8 8 8 8 8
8 8 8 8 4
4 4 4 4 4
4 4 4 4 4
8 8 8 8 8
8 8 8 8 8
8 8 8 8 4
4 4 4 4 4
4 4 4 4 4
8 8 8 8 8
8 8 8 8 8
8 8 8 1 1
1 1 1 1 1
1 1 4 4 4
8 8 8 8 8
8 8 8 8 8
8 8 8 1 1
1 1 1 1 1
1 1 1 1 1
8 8 8 8 8
8 8 8 8 8
8 8 1 1 1
1 1 1 1 1
1 1 1 1 1
