4 4 4 4 4
4 4 4 9 9
9 9 9 9 9
9 9 9 9 9
9 9 9 9 9
4 4 4 4 4
4 4 4 9 9
9 9 9 9 9
9 9 9 9 9
9 9 9 9 9
4 4 4 4 4
4 4 9 9 9
9 9 9 9 9
9 9 9 9 9
9 9 9 9 9
4 4 4 4 4
4 4 9 9 9
9 9 9 9 9
9 9 9 9 9
9 9 9 9 9
4 4 4 4 4
4 9 9 9 9
9 9 9 9 9
9 9 9 9 9
9 9 9 9 9
4 4 4 4 4
4 9 9 9 9
9 9 9 9 9
9 9 9 9 9
9 9 9 9 9
4 4 4 4 4
9 9 9 9 9
9 9 9 9 9
9 9 9 9 9
9 9 9 9 9
4 4 4 4 4
9 9 9 9 9
9 9 9 9 9
9 9 9 9 9
9 9 9 9 3
4 4 4 4 9
9 9 9 9 9
9 9 9 9 9
9 9 9 9 9
9 9 9 3 3
4 4 4 4 9
9 9 9 9 9
9 9 9 9 9
9 9 9 9 9
9 9 3 3 3
4 4 4 9 9
9 9 9 9 9
9 9 9 9 9
9 9 9 9 9
9 3 3 3 3
4 4 4 9 9
9 9 9 9 9
9 9 9 9 9
9 9 9 9 9
3 3 3 3 3
4 4 9 9 9
9 9 9 9 9
9 9 9 9 9
9 9 9 9 3
3 3 3 3 3
4 4 9 9 9
9 9 9 9 9
9 9 9 9 9
9 9 9 3 3
3 3 3 3 3
4 9 9 9 9
9 9 9 9 9
9 9 9 9 9
9 9 3 3 3
3 3 3 3 3
4 9 9 9 9
9 9 9 9 9
9 9 9 9 9
9 3 3 3 3
3 3 3 3 3
5 9 9 9 9
9 9 9 9 9
9 9 9 9 9
3 3 3 3 3
3 3 3 3 3
5 5 5 6 9
9 9 9 9 9
9 9 9 9 3
3 3 3 3 3
3 3 3 3 3
5 5 5 6 6
6 6 6 9 9
9 9 9 3 3
3 3 3 3 3
3 3 3 3 3
5 5 5 6 6
6 6 6 6 6
6 6 3 3 3
3 3 3 3 3
3 3 3 3 3
5 5 5 6 6
6 6 6 6 6
6 6 3 3 3
3 3 3 3 3
3 3 3 3 3
5 5 5 6 6
6 6 6 6 6
6 6 6 3 3
3 3 3 3 3
3 3 3 3 3
5 5 5 6 6
6 6 6 6 6
6 6 6 3 3
3 3 3 3 3
3 3 3 3 3
5 5 5 6 6
6 6 6 6 6
6 6 6 3 3
3 3 3 3 3
3 3 3 3 3
5 5 5 6 6
6 6 6 6 6
6 6 6 3 3
3 3 3 3 3
3 3 3 3 3
5 5 5 6 6
6 6 6 6 6
6 6 6 3 3
3 3 3 3 3
3 3 3 3 3
5 5 5 6 6
6 6 6 6 6
6 6 6 5 5
5 5 5 5 5
5 5 5 5 5
5 1 1 1 6
6 6 6 6 6
6 6 6 4 4
5 5 5 5 5
5 5 5 5 5
1 1 1 1 1
1 6 6 6 6
6 6 6 4 4
4 4 4 4 5
5 5 5 5 5
1 1 1 1 1
1 1 1 1 6
6 6 1 4 4
4 4 4 4 4
4 4 4 5 5
1 1 1 1 1
1 1 1 1 1
1 1 1 4 4
4 4 4 4 4
4 4 4 4 4
1 1 1 1 1
1 1 1 1 1
1 1 1 4 4
4 4 4 4 4
4 4 4 4 4
1 1 1 1 1
1 1 1 1 1
1 1 1 1 4
4 4 4 4 4
4 4 4 4 4
1 1 1 1 1
1 1 1 1 1
1 1 1 9 4
4 4 4 4 4
4 4 4 4 4
6 6 6 1 1
1 1 1 1 1
1 9 9 9 9
4 4 4 4 4
4 4 4 4 4
6 6 6 6 1
1 1 1 1 1
9 9 9 9 6
6 4 4 4 4
4 4 4 4 4
6 6 6 6 1
1 1 1 9 9
9 9 6 6 6
6 4 0 0 0
0 0 0 0 0
6 6 6 6 6
1 9 9 9 6
6 6 6 6 6
6 2 0 0 0
0 0 0 0 0
6 6 6 6 6
9 9 6 6 6
6 6 6 6 6
2 2 0 0 0
0 0 0 0 0
6 6 6 6 6
6 6 6 6 6
6 6 6 6 2
2 2 0 0 0
0 0 0 0 0
6 6 6 6 6
6 6 6 6 6
6 6 6 2 2
2 2 2 0 0
0 0 0 0 0
6 6 6 6 6
6 6 6 6 6
6 6 2 2 2
2 2 2 0 0
0 0 0 0 0
6 6 6 6 6
6 6 6 6 6
6 2 2 2 2
2 2 2 0 0
0 0 0 0 0
9 9 9 9 9
6 6 6 6 6
2 2 2 2 2
2 2 2 2 0
0 0 0 0 0
9 9 9 9 9
9 9 6 6 6
2 2 2 2 2
2 2 2 2 0
0 0 0 0 0
9 9 9 9 9
9 9 9 9 2
2 2 2 2 2
2 2 2 2 2
0 0 0 0 0
9 9 9 9 9
9 9 9 9 2
2 2 2 2 2
2 2 2 2 2
0 0 0 0 0
9 9 9 9 9
9 9 9 9 2
2 2 2 2 2
2 2 2 2 2
0 0 0 0 0
9 9 9 9 9
9 9 9 9 9
2 2 2 2 2
2 2 2 2 2
2 0 0 0 0
9 9 9 9 9
9 9 9 9 9
2 2 2 2 2
2 2 2 2 2
2 0 0 0 0
