3 3 3 3 3
3 3 3 3 3
3 3 3 3 3
3 3 3 9 9
9 9 9 9 9
3 3 3 3 3
3 3 3 3 3
3 3 3 3 3
3 3 9 9 9
9 9 9 9 9
3 3 3 3 3
3 3 3 3 3
3 3 3 3 3
9 9 9 9 9
9 9 9 9 6
3 3 3 3 3
3 3 3 3 3
3 3 3 9 9
9 9 9 9 9
9 9 9 4 6
3 3 3 3 3
3 3 3 3 3
3 3 9 9 9
9 9 9 9 9
9 4 4 6 6
3 3 3 3 3
3 3 3 3 3
9 9 9 9 9
9 9 9 9 9
4 4 4 6 6
3 3 3 3 3
3 3 3 3 9
9 9 9 9 9
9 9 9 9 4
4 4 6 6 6
3 3 3 3 3
3 3 9 9 9
9 9 9 9 9
9 9 9 4 4
4 4 6 6 6
6 6 6 3 3
9 9 9 9 9
9 9 9 9 9
9 4 4 4 4
4 6 6 6 6
6 6 6 6 6
9 9 9 9 9
9 9 9 9 9
4 4 4 4 4
6 6 6 6 6
6 6 6 6 9
9 9 9 9 9
9 9 9 9 4
4 4 4 4 4
6 6 6 6 6
6 6 6 6 9
9 9 9 9 9
9 9 4 4 4
4 4 4 4 6
6 6 6 6 6
6 6 6 6 9
9 9 9 9 9
9 4 4 4 4
4 4 4 4 6
6 6 6 6 6
6 6 6 9 9
9 9 9 9 9
4 4 4 4 4
4 4 4 1 6
6 6 6 6 6
6 6 6 9 9
9 9 9 9 4
4 4 4 4 4
4 4 1 1 6
6 6 6 6 6
6 6 6 9 9
9 9 4 4 4
4 4 4 4 4
4 1 1 1 6
6 6 6 6 6
6 6 6 6 6
9 4 4 4 4
4 4 4 4 4
4 1 1 6 6
6 6 6 6 6
6 6 6 6 6
6 5 4 4 4
4 4 4 4 4
1 1 1 6 6
6 6 6 6 6
6 6 6 6 6
6 6 5 5 5
5 5 5 5 1
1 1 1 6 6
6 6 6 6 6
6 6 6 6 6
6 6 5 5 5
5 5 5 5 1
1 1 1 6 6
6 6 6 6 5
6 6 6 6 6
6 6 3 3 3
3 3 3 1 1
1 1 1 6 6
6 6 6 5 5
8 8 8 6 6
6 6 3 3 3
3 3 3 1 1
1 1 1 6 6
6 6 5 5 5
8 8 8 8 8
6 6 3 3 3
3 3 3 1 1
1 1 6 6 6
6 5 5 5 5
8 8 8 8 8
8 8 3 3 3
3 3 3 1 1
1 1 6 6 6
6 5 5 5 5
8 8 8 8 8
8 8 8 3 3
3 3 3 1 1
1 1 6 6 6
5 5 5 5 5
8 8 8 8 8
8 8 8 3 3
3 3 3 1 1
1 1 6 6 5
5 5 5 5 5
8 8 8 8 8
8 8 8 3 3
3 3 2 1 1
1 1 6 5 5
5 5 5 5 5
8 8 8 8 8
8 8 8 2 2
2 2 2 2 2
1 1 5 5 5
5 5 5 5 5
8 8 8 8 8
8 8 2 2 2
2 2 2 2 2
2 2 5 5 5
5 5 5 5 5
8 8 8 8 8
2 2 2 2 2
2 2 2 2 2
2 1 1 5 5
5 5 5 5 5
8 8 8 8 2
2 2 2 2 2
2 2 2 2 2
1 1 1 1 5
5 5 5 5 5
8 8 8 2 2
2 2 2 2 2
2 2 2 2 1
1 1 1 8 8
5 5 5 5 5
8 8 2 2 2
2 2 2 2 2
2 2 2 1 1
1 1 8 8 8
8 5 5 5 5
8 2 2 2 2
2 2 2 2 2
2 2 1 1 1
1 8 8 8 8
8 8 8 5 5
2 2 2 2 2
2 2 2 2 1
1 1 1 1 8
8 8 8 8 8
8 8 8 8 5
2 2 2 2 2
2 2 1 1 1
1 1 1 8 8
8 8 8 8 8
8 8 8 8 8
2 2 2 2 1
1 1 1 1 1
1 1 1 8 8
8 8 8 8 8
8 8 8 8 8
2 1 1 1 1
1 1 1 1 1
1 1 1 8 8
8 8 8 8 8
8 8 8 8 8
1 1 1 1 1
1 1 1 1 1
1 1 1 8 8
8 8 8 8 8
8 8 8 8 8
1 1 1 1 1
1 1 1 1 1
1 1 8 8 8
8 8 8 8 8
8 8 8 8 8
1 1 1 1 1
1 1 1 1 1
1 1 8 8 8
8 8 8 8 8
8 8 8 8 8
1 1 1 1 1
1 1 1 1 1
1 1 8 8 8
8 8 8 8 8
8 8 8 8 8
1 1 1 1 1
1 1 1 1 1
1 1 8 8 8
8 8 8 8 8
8 8 8 8 8
1 1 1 1 1
1 1 1 1 1
1 8 8 8 8
8 8 8 8 8
8 8 8 8 8
1 1 1 1 1
1 1 1 1 1
1 8 8 8 8
8 8 8 8 8
8 8 8 8 8
1 1 1 1 1
1 1 1 1 1
1 8 8 8 8
8 8 8 8 8
8 8 8 8 8
1 1 1 1 1
1 1 1 1 1
1 8 8 8 8
8 8 8 8 8
8 8 8 8 8
1 1 1 1 1
1 1 1 1 1
8 8 8 8 8
8 8 8 8 8
8 8 8 8 8
1 1 1 1 1
1 1 1 1 1
8 8 8 8 8
8 8 8 8 8
8 8 8 8 8
1 1 1 1 1
1 1 1 1 1
8 8 8 8 8
8 8 8 8 8
8 8 8 8 8
