1 1 1 1 1
1 1 1 1 3
3 3 3 3 3
3 5 5 5 5
5 5 5 5 5
1 1 1 1 1
1 1 1 1 3
3 3 3 3 3
3 5 5 5 5
5 5 5 5 5
1 1 1 1 1
1 1 1 1 3
3 3 3 3 3
3 5 5 5 5
5 5 5 5 5
1 1 1 1 1
1 1 1 3 3
3 3 3 3 3
3 5 5 5 5
5 5 5 5 5
1 1 1 1 1
1 1 1 3 3
3 3 3 3 3
3 5 5 5 5
5 5 5 5 5
1 1 1 1 1
1 1 1 3 3
3 3 3 3 3
3 3 5 5 5
5 5 5 5 5
1 1 1 1 1
1 1 1 3 3
3 3 3 3 3
3 3 5 5 5
5 5 5 5 5
1 1 1 1 1
1 1 1 3 3
3 3 3 3 3
3 3 5 5 5
5 5 5 5 5
1 1 1 1 1
1 1 3 3 3
3 3 3 3 3
3 3 5 5 5
5 5 5 5 5
1 1 1 1 1
1 1 3 3 3
3 3 3 3 3
3 3 5 5 5
5 5 5 5 5
1 1 1 1 1
1 1 3 3 3
3 3 3 3 3
3 3 5 5 5
5 5 5 5 5
1 1 1 1 1
1 1 3 3 3
3 3 3 3 3
3 3 0 0 5
5 5 5 5 5
1 1 1 1 1
1 1 3 3 3
3 3 3 3 3
3 3 0 0 0
5 5 5 5 5
8 1 1 1 1
1 3 3 3 3
3 3 3 3 3
3 3 0 0 0
0 0 5 5 5
8 8 1 1 1
1 3 3 3 3
3 3 3 3 3
3 0 0 0 0
0 0 0 5 5
8 8 8 1 1
1 3 3 3 3
3 3 3 3 3
3 0 0 0 0
0 0 0 0 5
8 8 8 8 8
8 3 3 3 3
3 3 3 3 3
3 0 0 0 0
0 0 0 0 0
8 8 8 8 8
8 8 3 3 3
3 3 3 3 8
8 8 0 0 0
0 0 0 0 0
8 8 8 8 8
8 8 3 3 3
3 8 8 8 8
8 8 0 0 0
0 0 0 0 0
8 8 8 8 8
8 8 8 8 8
8 8 8 8 8
8 8 8 0 0
0 0 0 0 0
9 9 9 9 9
8 8 8 8 8
8 8 8 8 8
8 8 8 0 0
0 0 0 0 0
9 9 9 9 9
9 9 8 8 8
8 8 8 8 8
8 8 8 8 0
0 0 0 0 0
9 9 9 9 9
9 9 8 8 8
8 8 8 8 8
8 8 8 8 8
0 0 0 0 0
9 9 9 9 9
9 9 8 8 8
8 8 8 8 8
8 8 8 8 8
0 0 0 0 0
9 9 9 9 9
9 9 8 8 8
8 8 8 8 8
8 8 8 8 8
8 0 0 0 0
9 9 9 9 9
9 9 8 8 8
8 8 8 8 8
8 8 8 9 9
9 9 9 9 9
9 9 9 9 9
9 3 3 4 4
4 4 4 4 4
8 9 9 9 9
9 9 9 9 9
9 9 9 9 3
3 3 3 4 4
4 4 4 4 4
9 9 9 9 9
9 9 9 9 9
9 9 3 3 3
3 3 3 4 4
4 4 4 4 4
9 9 9 9 9
9 9 9 9 9
3 3 3 3 3
3 3 3 3 4
4 4 4 4 4
9 9 9 9 9
9 9 9 9 9
3 3 3 3 3
3 3 3 3 4
4 4 4 4 4
9 9 9 9 9
9 9 9 9 9
3 3 3 3 3
3 3 3 3 4
4 4 4 4 4
9 9 9 9 9
9 9 9 9 9
3 3 3 3 3
3 3 3 3 3
4 4 4 4 4
9 9 9 9 9
9 9 9 9 9
3 3 3 3 3
3 3 3 3 3
4 4 4 4 4
9 9 9 9 9
9 9 9 9 9
7 7 3 3 3
3 3 3 0 0
0 4 4 4 9
9 9 9 9 9
9 9 9 9 9
7 7 7 3 3
0 0 0 0 0
0 0 4 4 9
9 9 9 9 9
9 9 9 9 9
7 7 7 7 0
0 0 0 0 0
0 0 0 0 9
9 9 9 9 9
9 9 9 9 9
7 7 7 7 6
6 0 0 0 0
0 0 0 0 9
6 6 6 6 6
6 6 6 6 6
7 7 7 7 6
6 6 6 6 6
0 0 0 0 6
6 6 6 6 6
6 6 6 6 6
7 7 7 7 7
6 6 6 6 6
6 6 6 6 6
6 6 6 6 6
6 6 6 6 6
7 7 7 7 7
6 6 6 6 6
6 6 6 6 6
6 6 6 6 6
6 6 6 6 6
7 7 7 7 7
6 6 6 6 6
6 6 6 6 6
6 6 6 6 6
6 6 6 6 6
7 7 7 7 7
6 6 6 6 6
6 6 6 6 6
6 6 6 6 6
6 6 6 6 6
7 7 7 7 7
6 6 6 6 6
6 6 6 6 6
6 6 6 6 6
6 6 6 6 6
7 7 7 7 7
6 6 6 6 6
6 6 6 6 6
6 6 6 6 6
6 6 6 6 6
7 7 7 7 7
6 6 6 6 6
6 6 6 6 6
6 6 6 6 6
6 6 6 6 6
7 7 7 7 7
6 6 6 6 6
6 6 6 6 6
6 6 6 6 6
6 6 6 6 6
7 7 7 7 7
7 6 6 6 6
6 6 6 6 6
6 6 6 6 6
6 6 6 6 6
7 7 7 7 7
7 6 6 6 6
6 6 6 6 6
6 6 6 6 6
6 6 6 6 6
7 7 7 7 7
7 6 6 6 6
6 6 6 6 6
6 6 6 6 6
6 6 6 6 6
