0 0 0 0 0
0 0 0 0 0
0 0 0 0 0
4 4 4 4 4
4 4 4 4 4
0 0 0 0 0
0 0 0 0 0
0 0 0 0 4
4 4 4 4 4
4 4 4 4 4
0 0 0 0 0
0 0 0 0 0
0 0 0 4 4
4 4 4 4 4
4 4 4 4 4
0 0 0 0 0
0 0 0 0 0
0 4 4 4 4
4 4 4 4 4
4 4 4 4 4
0 0 0 0 0
0 0 0 0 0
4 4 4 4 4
4 4 4 4 4
4 4 4 4 4
0 0 0 0 0
0 0 0 0 4
4 4 4 4 4
4 4 4 4 4
4 4 4 4 4
0 0 0 0 0
0 0 0 4 4
4 4 4 4 4
4 4 4 4 4
4 4 4 4 4
0 0 0 0 0
6 6 4 4 4
4 4 4 4 4
4 4 4 4 4
4 4 4 4 4
6 6 6 6 6
6 6 4 4 4
4 4 4 4 4
4 4 4 4 4
4 4 4 4 4
6 6 6 6 6
6 6 4 4 4
4 4 4 4 4
4 4 4 4 4
4 4 4 4 4
6 6 6 6 6
6 6 4 4 4
4 4 4 4 4
4 4 4 4 4
4 4 4 4 4
6 6 6 6 6
6 6 4 4 4
4 4 4 4 4
4 4 4 4 4
4 4 4 4 4
6 6 6 6 6
6 6 4 4 4
4 4 4 4 4
4 4 4 4 4
4 4 4 4 4
6 6 6 6 6
6 6 4 4 4
4 4 4 4 4
4 4 4 4 4
4 4 4 4 4
6 6 6 6 6
6 6 4 4 4
4 4 4 4 4
4 4 4 4 4
4 4 4 4 4
6 6 6 6 6
6 6 4 4 4
4 4 4 4 4
4 4 4 4 4
4 4 4 4 4
6 6 6 6 6
6 6 4 4 4
4 4 4 4 4
4 4 4 4 4
4 4 4 4 4
6 6 6 6 6
6 6 4 4 4
4 4 4 4 4
4 4 4 4 4
4 8 8 8 8
6 6 6 6 6
6 6 4 4 4
4 4 4 4 4
4 4 8 8 8
8 8 8 8 8
6 6 6 6 6
6 6 4 4 4
4 4 4 8 8
8 8 8 8 8
8 8 8 8 8
6 6 6 6 6
6 6 4 4 4
8 8 8 8 8
8 8 8 8 8
8 8 8 8 8
6 6 6 6 6
6 6 8 8 8
8 8 8 8 8
8 8 8 8 8
8 8 8 8 8
6 6 6 6 6
6 8 8 8 8
8 8 8 8 8
8 8 8 8 8
8 8 8 8 8
6 6 6 6 8
8 8 8 8 8
8 8 8 8 8
8 8 8 8 8
8 8 8 8 8
6 6 6 8 8
8 8 8 8 8
8 8 8 8 8
8 8 8 8 8
8 8 8 8 8
6 6 8 8 8
8 8 8 8 8
8 8 8 8 8
8 8 8 8 8
8 8 8 8 8
7 7 5 5 5
5 8 8 8 8
8 8 8 8 8
8 8 8 8 8
8 8 8 8 8
7 7 7 5 5
5 5 5 5 8
8 8 8 8 8
8 8 8 8 8
8 8 8 8 8
7 7 7 7 5
5 5 5 5 5
5 5 5 8 8
8 8 8 8 8
8 8 8 8 8
7 7 7 7 5
5 5 5 5 5
5 5 5 5 5
5 5 8 8 8
8 8 8 8 8
7 7 7 7 7
5 5 5 5 5
5 5 5 5 5
5 5 5 5 1
1 1 1 1 1
7 7 7 7 7
7 5 5 5 5
5 5 5 5 5
5 5 1 1 1
1 1 1 1 1
7 7 7 7 7
7 7 5 5 5
5 5 5 5 1
1 1 1 1 1
1 1 1 9 9
7 7 7 7 7
7 7 7 5 5
5 5 1 1 1
1 1 1 1 1
1 1 9 9 9
7 7 7 7 7
7 7 7 5 5
1 1 1 1 1
1 1 1 1 1
9 9 9 9 9
7 7 7 7 7
7 7 7 7 1
1 1 1 1 1
1 1 1 9 9
9 9 9 9 9
7 7 7 7 7
7 7 7 7 1
1 1 1 1 1
1 1 9 9 9
9 9 9 9 9
7 7 7 7 7
7 7 7 7 9
7 1 1 1 1
9 9 9 9 9
9 9 9 9 9
7 7 7 7 7
7 7 7 9 9
7 7 7 1 9
9 9 9 9 9
9 9 9 9 9
2 2 7 7 7
7 7 7 9 9
7 7 7 7 9
9 9 9 9 9
9 9 9 9 9
2 2 2 2 2
7 7 9 9 9
7 7 7 7 5
9 9 9 9 9
9 9 9 9 9
2 2 2 2 2
2 2 9 9 9
9 7 7 5 5
5 5 9 9 9
9 9 9 9 9
2 2 2 2 2
2 2 9 9 9
9 7 7 5 5
5 5 5 9 9
9 9 9 9 9
2 2 2 2 2
2 2 9 9 9
9 7 9 5 5
5 5 5 5 9
9 9 9 9 9
2 2 2 2 2
2 1 1 1 1
1 9 9 9 5
5 5 5 5 5
5 9 9 9 9
2 2 2 2 2
1 1 1 1 1
1 9 9 9 5
5 5 5 5 5
5 5 9 9 9
2 2 2 2 2
1 1 1 1 1
1 1 9 9 5
5 5 5 5 5
5 5 5 9 9
2 2 2 2 1
1 1 1 1 1
1 1 1 9 9
5 5 5 5 5
5 5 5 5 5
2 2 2 1 1
1 1 1 1 1
1 1 1 1 9
5 5 5 5 5
5 5 5 5 5
2 2 2 1 1
1 1 1 1 1
1 1 1 1 1
5 5 5 5 5
5 5 5 5 5
