6 6 6 6 6
6 6 6 6 6
6 6 7 7 7
7 7 7 7 7
7 7 7 7 7
6 6 6 6 6
6 6 6 6 6
6 6 7 7 7
7 7 7 7 7
7 7 7 7 7
6 6 6 6 6
6 6 6 6 6
6 6 7 7 7
7 7 7 7 7
7 7 7 7 7
6 6 6 6 6
6 6 6 6 6
6 6 7 7 7
7 7 7 7 7
7 7 7 7 7
6 6 6 6 6
6 6 6 6 6
6 0 0 7 7
7 7 7 7 7
7 7 7 7 7
6 6 6 6 6
6 6 6 6 6
0 0 0 7 7
7 7 7 7 7
7 7 7 7 7
6 6 6 6 6
6 6 6 6 0
0 0 0 7 7
7 7 7 7 7
7 7 7 7 7
6 6 6 6 6
6 6 6 6 0
0 0 0 0 7
7 7 7 7 7
7 7 7 7 7
6 6 6 6 6
6 6 6 0 0
0 0 0 0 7
7 7 7 7 7
7 7 7 7 7
1 6 6 6 6
6 6 0 0 0
0 0 0 0 7
7 7 7 7 7
7 7 7 7 7
1 1 1 6 6
6 0 0 0 0
0 0 0 0 0
7 7 7 7 7
7 7 7 7 7
1 1 1 1 6
0 0 0 0 0
0 0 0 0 0
7 7 7 7 7
7 7 7 7 7
1 1 1 1 1
0 0 0 0 0
0 0 0 0 0
0 7 9 9 9
9 9 9 9 9
1 1 1 1 1
0 0 0 0 0
0 0 0 0 0
9 9 9 9 9
9 9 9 9 9
1 1 1 1 1
0 0 0 0 0
0 0 0 0 0
9 9 9 9 9
9 9 9 9 9
1 1 1 1 1
1 0 0 0 0
0 0 0 0 0
9 9 9 9 9
9 9 9 9 9
1 1 1 1 1
1 0 0 0 0
0 0 0 0 9
9 9 9 9 9
9 9 9 9 9
1 1 1 1 1
1 0 0 0 0
0 0 0 5 5
9 9 9 9 9
9 9 9 9 9
1 1 1 1 1
1 0 0 0 0
0 0 5 5 5
5 9 9 9 9
9 9 9 9 9
1 1 1 1 1
1 0 0 0 0
0 5 5 5 5
5 5 9 9 9
9 9 9 9 9
1 1 1 1 1
1 0 0 0 0
5 5 5 5 5
5 5 5 9 9
9 9 9 9 9
3 3 3 3 3
3 3 3 3 3
5 5 5 5 5
5 5 5 5 9
9 9 9 9 9
3 3 3 3 3
3 3 3 3 3
5 5 5 5 5
5 5 5 5 5
9 9 9 9 9
3 3 3 3 3
3 3 3 3 3
5 5 5 5 5
5 5 5 5 5
9 9 9 9 9
3 3 3 3 3
3 3 3 3 3
3 5 5 5 5
5 5 5 5 5
5 9 9 9 9
3 3 3 3 3
3 3 3 3 3
3 5 5 5 5
5 5 5 5 5
5 1 1 1 1
3 3 3 3 3
3 3 3 3 3
3 5 5 5 5
5 5 5 5 5
1 1 1 1 1
3 3 3 3 3
3 3 3 3 3
3 3 5 5 5
5 5 5 5 1
1 1 1 1 1
3 3 3 3 3
3 3 3 3 3
3 3 5 5 5
5 5 5 1 1
1 1 1 1 1
3 3 3 3 3
3 3 3 3 3
3 3 3 5 5
5 4 1 1 1
1 1 1 1 1
3 3 3 3 3
3 3 3 3 3
3 3 3 5 4
4 4 4 4 4
4 4 1 1 1
3 3 3 3 3
3 3 3 3 3
3 3 3 4 4
4 4 4 4 4
4 4 4 4 4
3 3 3 3 3
3 3 3 3 3
3 3 3 4 4
4 4 4 4 4
4 4 4 4 4
3 3 3 3 3
3 3 3 3 3
3 3 7 4 4
4 4 4 4 4
4 4 4 4 4
9 3 3 3 3
3 3 3 3 3
3 3 7 7 7
7 7 7 4 4
4 4 4 4 4
9 9 9 9 3
3 3 3 3 3
3 7 7 7 7
7 7 7 7 5
5 5 5 5 5
9 9 9 9 9
9 9 3 3 3
3 7 7 7 7
7 7 7 7 7
5 5 5 5 5
9 9 9 9 9
9 9 9 9 9
7 7 7 7 7
7 7 7 7 7
7 5 5 5 5
9 9 9 9 9
9 9 9 9 9
7 7 7 7 7
7 7 7 7 7
7 5 5 5 5
9 9 9 9 9
9 9 9 9 9
7 7 7 7 7
7 7 7 7 7
7 7 5 5 5
9 9 9 9 9
9 9 9 9 9
7 7 7 7 7
7 7 7 7 7
7 7 1 1 1
9 9 9 9 9
9 9 9 9 9
9 7 7 7 7
7 7 7 7 7
3 1 1 1 1
9 9 9 9 9
9 9 9 9 9
9 7 7 7 7
7 7 7 3 3
3 3 1 1 1
9 9 9 9 9
9 9 9 9 9
9 7 7 7 7
3 3 3 3 3
3 3 3 1 1
9 9 9 9 9
9 9 9 9 9
9 7 3 3 3
3 3 3 3 3
3 3 3 1 1
9 9 9 9 9
9 9 9 9 9
9 3 3 3 3
3 3 3 3 3
3 3 3 3 1
9 9 9 9 9
9 9 9 9 9
9 3 3 3 3
3 3 3 3 3
3 3 3 3 3
9 9 9 9 9
9 9 9 9 9
9 3 3 3 3
3 3 3 3 3
3 3 3 3 3
9 9 9 9 9
9 9 9 9 9
9 3 3 3 3
3 3 3 3 3
3 3 3 3 3
9 9 9 9 9
9 9 9 9 9
3 3 3 3 3
3 3 3 3 3
3 3 3 3 3
