9 9 9 9 9
3 3 3 3 3
3 3 3 3 3
3 3 3 3 3
3 3 3 3 3
9 9 9 9 9
3 3 3 3 3
3 3 3 3 3
3 3 3 3 3
3 3 3 3 3
9 9 9 9 9
9 3 3 3 3
3 3 3 3 3
3 3 3 3 3
3 3 3 3 3
9 9 9 9 9
9 3 3 3 3
3 3 3 3 3
3 3 3 3 3
3 3 3 3 3
9 9 9 9 9
9 3 3 3 3
3 3 3 3 3
3 3 3 3 3
3 3 3 3 3
9 9 9 9 9
9 3 3 3 3
3 3 3 3 3
3 3 3 3 3
3 3 3 3 3
9 9 9 9 9
9 3 3 3 3
3 3 3 3 3
3 3 3 3 3
3 3 3 3 6
9 9 9 9 9
9 3 3 3 3
3 3 3 3 3
3 3 3 3 3
3 3 6 6 6
9 9 9 9 9
9 3 3 3 3
3 3 3 3 3
3 3 3 3 3
6 6 6 6 6
9 9 9 9 9
9 9 3 3 3
3 3 3 3 3
3 3 3 6 6
6 6 6 6 6
9 9 9 9 9
9 9 3 3 3
3 3 3 3 3
3 6 6 6 6
6 6 6 6 6
9 9 9 9 9
9 9 3 3 3
3 3 3 3 6
6 6 6 6 6
6 6 6 6 6
1 1 1 1 1
9 9 3 3 3
3 3 6 6 6
6 6 6 6 6
6 6 6 6 6
1 1 1 1 1
1 1 1 3 3
6 6 6 6 6
6 6 6 6 6
6 6 6 6 6
1 1 1 1 1
1 1 1 6 6
6 6 6 6 6
6 6 6 6 6
6 6 6 8 8
1 1 1 1 1
1 1 1 8 6
6 6 6 6 6
6 6 6 6 6
6 8 8 8 8
1 1 1 1 1
1 1 8 8 8
6 6 6 6 6
6 6 6 6 8
8 8 8 8 8
1 1 1 1 1
1 8 8 8 8
8 6 6 6 6
6 6 8 8 8
8 8 8 8 8
2 2 1 1 1
8 8 8 8 8
8 8 6 6 6
8 8 8 8 8
8 8 8 8 8
2 2 2 2 8
8 8 8 8 8
8 8 8 8 8
8 8 8 8 8
8 8 8 8 8
2 2 2 2 2
8 8 8 8 8
8 8 8 8 8
8 8 8 8 8
8 8 8 8 8
2 2 2 2 2
2 8 8 8 8
8 8 8 8 8
8 8 8 8 8
8 8 8 8 0
2 2 2 2 2
2 8 8 8 8
8 8 8 8 8
8 8 8 8 8
8 8 8 0 0
2 2 2 2 2
2 2 8 8 8
8 8 8 8 8
8 8 8 8 8
8 8 0 0 0
2 2 2 2 2
2 2 8 8 8
8 8 8 8 8
8 8 8 8 8
8 0 0 0 0
2 2 2 2 2
2 2 2 8 8
8 8 8 8 8
8 8 8 8 8
0 0 0 0 0
2 2 2 2 2
2 2 2 8 8
8 8 8 8 8
8 8 8 8 0
0 0 0 0 0
2 2 2 2 2
2 2 2 8 8
8 8 8 8 8
8 8 8 8 0
0 0 0 0 0
2 2 2 2 2
2 2 2 8 8
8 8 8 8 8
8 8 8 0 0
0 0 0 0 0
2 2 2 2 2
2 5 5 5 5
5 8 8 8 8
8 6 0 0 0
0 0 0 0 0
2 2 2 2 2
5 5 5 5 5
5 5 3 3 3
3 6 6 0 0
0 0 0 0 0
2 2 2 5 5
5 5 5 5 5
5 5 3 3 3
3 6 6 6 0
0 0 0 0 0
2 2 5 5 5
5 5 5 5 5
5 5 3 3 3
3 6 6 6 6
0 0 0 0 0
5 5 5 5 5
5 5 5 5 5
5 5 3 3 3
3 6 6 6 6
6 0 0 0 0
5 5 5 5 5
5 5 5 5 5
5 5 3 3 3
3 6 6 6 6
6 6 6 0 0
5 5 5 5 5
5 5 5 5 5
5 5 3 3 3
3 3 6 6 6
6 6 6 6 6
5 5 5 5 5
5 5 5 5 5
5 5 3 3 3
3 3 6 6 6
6 6 6 6 6
5 5 5 5 5
5 5 5 5 5
5 5 3 3 3
3 4 4 6 6
6 6 6 6 6
5 5 5 5 5
5 5 5 5 5
5 5 3 3 3
3 4 4 4 6
6 6 6 6 6
5 5 5 5 5
5 5 5 5 5
5 5 0 0 3
3 4 4 4 4
6 6 6 6 6
5 5 5 5 5
5 5 5 5 5
5 0 0 0 0
0 0 4 4 4
6 6 6 6 6
5 5 5 5 5
5 5 5 5 9
9 9 0 0 0
0 0 0 4 4
6 6 6 6 6
5 5 5 5 5
5 5 9 9 9
9 9 9 0 0
0 0 0 0 4
6 6 6 6 6
5 5 5 5 5
9 9 9 9 9
9 9 9 9 0
0 0 0 0 0
6 6 6 6 6
5 5 5 9 9
9 9 9 9 9
9 9 9 9 9
0 0 0 0 0
0 6 6 6 6
5 5 9 9 9
9 9 9 9 9
9 9 9 9 9
9 0 0 0 0
0 0 6 6 6
9 9 9 9 9
9 9 9 9 9
9 9 9 9 9
9 9 0 0 0
0 0 6 6 6
9 9 9 9 9
9 9 9 9 9
9 9 9 9 9
9 9 9 0 0
0 0 0 6 6
9 9 9 9 9
9 9 9 9 9
9 9 9 9 9
9 9 9 9 0
0 0 0 0 6
9 9 9 9 9
9 9 9 9 9
9 9 9 9 9
9 9 9 9 9
0 0 0 0 0
