5 8 8 8 8
8 8 8 8 8
8 8 8 8 0
0 0 0 0 0
0 0 0 0 0
5 5 8 8 8
8 8 8 8 8
8 8 8 0 0
0 0 0 0 0
0 0 0 0 0
5 5 5 8 8
8 8 8 8 8
8 8 0 0 0
0 0 0 0 0
0 0 0 0 1
5 5 5 5 8
8 8 8 8 8
8 8 0 0 0
0 0 0 0 0
0 0 0 1 1
5 5 5 5 5
8 8 8 8 8
8 0 0 0 0
0 0 0 0 0
0 0 0 1 1
5 5 5 5 5
5 8 8 8 8
0 0 0 0 0
0 0 0 0 0
0 0 1 1 1
5 5 5 5 5
5 5 8 8 0
0 0 0 0 0
0 0 0 0 0
0 0 1 1 1
5 5 5 5 5
5 5 5 5 0
0 0 0 0 0
0 0 0 0 0
0 1 1 1 1
5 5 5 5 5
5 5 5 1 1
0 0 0 0 0
0 0 0 0 0
1 1 1 1 1
5 5 5 5 5
5 5 1 1 1
1 1 0 0 0
0 0 0 0 0
1 1 1 1 1
5 5 5 5 5
5 5 1 1 1
1 1 1 0 0
0 0 0 0 1
1 1 1 1 1
5 5 5 7 7
7 7 1 1 1
1 1 1 1 1
0 0 5 5 1
1 1 1 1 1
7 7 7 7 7
7 7 1 1 1
1 1 1 1 1
1 5 5 5 1
1 1 1 1 1
7 7 7 7 7
7 7 1 1 1
1 1 1 1 1
5 5 5 5 5
1 1 1 1 1
7 7 7 7 7
7 7 7 1 1
1 1 1 1 1
5 5 5 5 5
5 1 1 1 1
7 7 7 7 7
7 7 7 1 1
1 1 1 1 5
5 5 5 5 5
5 1 1 1 1
7 7 7 7 7
7 7 7 1 1
1 1 1 1 5
5 5 5 5 5
5 5 1 1 1
7 7 7 7 7
7 7 7 1 1
1 1 1 5 5
5 5 5 5 5
5 5 3 1 1
7 7 7 7 7
7 7 7 9 9
9 9 9 9 5
5 5 5 5 5
5 3 3 3 3
7 7 7 7 7
7 7 9 9 9
9 9 9 9 2
5 5 5 5 5
3 3 3 3 3
7 7 7 7 7
7 9 9 9 9
9 9 9 2 2
2 2 5 5 3
3 3 3 3 3
7 7 7 7 7
9 9 9 9 9
9 9 9 2 2
2 2 2 3 3
3 3 3 3 3
7 7 7 7 9
9 9 9 9 9
9 9 2 2 2
2 2 2 3 3
3 3 3 3 3
7 7 7 9 9
9 9 9 9 9
9 9 2 2 2
2 2 2 3 3
3 3 3 3 3
7 7 7 9 9
9 9 9 9 9
9 2 2 2 2
2 2 2 3 3
3 3 3 3 3
7 7 9 9 9
9 9 9 9 9
9 2 2 2 2
2 2 2 3 3
3 3 3 3 3
7 9 9 9 9
9 9 9 9 9
9 2 2 2 2
2 2 2 2 3
3 3 3 3 3
9 9 4 4 4
4 4 4 4 4
4 4 4 4 2
2 2 2 2 2
2 2 3 3 3
4 4 4 4 4
4 4 4 4 4
4 4 4 4 4
2 2 2 2 2
2 2 2 2 3
4 4 4 4 4
4 4 4 4 4
4 4 4 4 4
2 2 2 2 2
2 2 2 2 2
4 4 4 4 4
4 4 4 4 4
4 4 4 4 4
2 2 2 2 2
2 2 2 2 2
4 4 4 4 4
4 4 4 4 4
4 4 4 4 4
2 2 2 2 2
2 2 2 2 2
4 4 4 4 4
4 4 4 4 4
4 4 4 4 4
2 2 2 2 2
2 2 2 2 2
4 4 4 4 4
4 4 4 4 4
4 4 4 4 4
4 2 2 2 2
2 2 2 2 2
6 6 4 4 4
4 4 4 4 4
4 4 4 4 4
4 2 2 2 2
2 2 2 9 9
6 6 6 6 4
4 4 4 4 4
4 4 4 4 4
4 2 2 2 2
2 9 9 9 9
6 6 6 6 6
6 4 4 4 4
4 4 4 4 4
4 2 2 9 9
9 9 9 9 9
6 6 6 6 6
6 6 6 6 4
4 4 4 4 4
4 9 9 9 9
9 9 9 9 9
6 6 6 6 6
6 6 6 6 6
6 4 4 4 4
9 9 9 9 9
9 9 9 9 9
6 6 6 6 6
6 6 6 6 6
6 6 6 4 9
9 9 9 9 9
9 9 9 9 9
6 6 6 6 6
6 6 6 6 6
6 6 6 6 9
9 9 9 9 9
9 9 9 9 9
6 6 6 6 6
6 6 6 6 6
6 6 6 6 8
9 9 9 9 9
9 9 9 9 9
6 6 6 6 6
6 6 6 6 6
6 6 6 6 8
8 9 9 9 9
9 9 9 9 9
6 6 6 6 6
6 6 6 6 6
6 6 6 8 8
8 8 8 9 9
9 9 9 9 9
6 6 6 6 6
6 6 6 6 6
6 6 6 8 8
8 8 8 8 9
9 9 9 9 9
6 6 6 6 6
6 6 6 6 6
6 6 8 8 8
8 8 8 8 8
8 9 9 9 9
6 6 6 6 6
6 6 6 6 6
6 6 8 8 8
8 8 8 8 8
8 8 9 9 9
6 6 6 6 6
6 6 6 6 6
6 8 8 8 8
8 8 8 8 8
8 8 8 8 9
6 6 6 6 6
6 6 6 6 6
8 8 8 8 8
8 8 8 8 8
8 8 8 8 8
6 6 6 6 6
6 6 6 6 6
8 8 8 8 8
8 8 8 8 8
8 8 8 8 8
