7 7 7 7 7
7 7 7 7 7
9 9 9 9 9
9 9 9 9 9
9 9 9 9 9
7 7 7 7 7
7 7 7 7 7
7 9 9 9 9
9 9 9 9 9
9 9 9 9 9
7 7 7 7 7
7 7 7 7 7
7 7 9 9 9
9 9 9 9 9
9 9 9 9 9
7 7 7 7 7
7 7 7 7 7
7 7 9 9 9
9 9 9 9 9
9 9 9 9 9
7 7 7 7 7
7 7 7 7 7
7 7 7 9 9
9 9 9 9 9
9 9 9 9 9
7 7 7 7 7
7 7 7 7 7
7 7 7 9 9
9 9 9 9 9
9 9 9 9 9
7 7 7 7 7
7 7 7 7 7
7 7 7 7 9
9 9 9 9 9
9 9 9 9 9
7 7 7 7 7
7 7 7 7 7
7 7 7 7 9
9 9 9 9 9
9 9 9 9 9
7 7 7 7 7
7 7 7 7 7
7 7 7 7 7
9 9 9 9 9
9 9 9 9 9
7 7 7 7 7
7 7 7 7 7
7 7 7 7 7
9 9 9 9 9
9 9 9 9 9
0 7 7 7 7
7 7 7 7 7
7 7 7 7 7
7 9 9 9 9
9 9 9 9 9
0 0 7 7 7
7 7 7 7 7
7 7 7 7 7
7 7 9 9 9
9 9 9 9 9
0 0 0 7 7
7 7 7 7 7
7 7 7 7 7
7 7 9 9 9
9 9 9 9 9
0 0 0 0 7
7 7 7 7 7
7 7 7 7 7
7 7 7 9 9
9 9 9 9 9
0 0 0 0 0
0 7 7 7 7
7 7 7 7 7
7 7 7 9 9
9 9 9 9 9
0 0 0 0 0
0 0 7 7 7
7 7 7 7 7
7 7 7 7 9
9 9 9 9 9
0 0 0 0 0
0 0 0 3 3
3 3 3 3 3
3 3 3 3 3
9 9 9 9 9
0 0 0 0 0
0 0 3 3 3
3 3 3 3 3
3 3 3 3 3
3 3 9 9 9
0 0 0 0 0
0 0 3 3 3
3 3 3 3 3
3 3 3 3 3
3 3 3 3 9
0 0 0 0 0
0 0 3 3 3
3 3 3 3 3
3 3 3 3 3
3 3 3 3 3
0 0 0 0 0
0 3 3 3 3
3 3 3 3 3
3 3 3 3 3
3 3 3 1 4
0 0 0 0 0
0 3 3 3 3
3 3 3 3 3
3 3 3 3 3
3 1 1 4 4
0 0 0 0 0
0 3 3 3 3
3 3 3 3 3
3 3 3 1 1
1 1 4 4 4
0 0 0 0 0
5 5 3 3 3
3 3 3 3 3
3 1 1 1 1
1 4 4 4 4
4 4 4 3 3
3 5 5 5 5
5 5 5 3 1
1 1 1 1 1
1 4 4 4 4
4 4 4 3 3
3 5 5 5 5
5 5 5 1 1
1 1 1 1 1
4 4 4 4 4
4 4 3 3 3
3 5 5 5 5
5 5 1 1 1
1 1 1 1 4
4 4 4 4 4
4 4 3 3 3
3 3 5 5 5
5 1 1 1 1
1 1 1 4 4
4 4 4 4 4
4 4 3 3 3
3 3 5 5 5
1 1 1 1 1
1 1 4 4 4
4 4 4 4 4
4 3 3 3 3
1 1 1 5 1
1 1 1 1 1
1 4 4 4 4
4 4 4 4 4
4 3 3 1 1
1 1 1 1 1
1 1 1 1 1
4 4 4 4 4
4 4 4 4 5
4 1 1 1 1
1 1 1 1 1
1 1 1 1 4
4 4 4 4 4
4 4 4 4 5
1 1 1 1 1
1 1 1 1 1
1 1 1 4 4
4 4 4 4 4
4 4 4 5 5
1 1 1 1 1
1 1 1 1 1
1 1 4 4 4
4 4 4 4 4
4 4 5 5 5
2 2 2 2 2
1 1 1 1 1
5 5 5 4 4
4 4 4 4 4
4 5 5 5 5
2 2 2 2 2
2 2 2 2 2
5 5 5 5 5
4 4 4 4 4
4 5 5 5 5
2 2 2 2 2
2 2 2 2 2
5 5 5 5 5
5 5 4 4 4
5 5 5 5 5
2 2 2 2 2
2 2 2 2 2
5 5 5 5 5
5 5 5 5 5
5 5 5 5 5
2 2 2 2 2
2 2 2 2 5
5 5 5 5 5
5 5 5 5 5
5 5 5 5 5
2 2 2 2 2
2 2 2 2 5
5 5 5 5 5
5 5 5 5 5
5 5 5 5 5
2 2 2 2 2
2 2 2 2 5
5 5 5 5 5
5 5 5 5 5
5 5 5 5 5
2 2 2 2 2
2 2 2 2 5
5 5 5 5 5
5 5 5 5 5
5 5 5 5 5
2 2 2 2 2
2 2 2 2 5
5 5 5 5 5
5 5 5 5 5
5 5 5 5 5
8 8 8 2 2
2 2 2 2 5
5 5 5 5 5
5 5 5 5 5
9 9 9 9 5
8 8 8 8 8
8 2 2 5 5
5 5 5 5 5
5 5 5 5 9
9 9 9 9 9
8 8 8 8 8
8 8 8 5 5
5 5 5 5 5
5 5 9 9 9
9 9 9 9 9
8 8 8 8 8
8 8 8 8 5
5 5 5 5 5
5 9 9 9 9
9 9 9 9 9
8 8 8 8 8
8 8 8 8 8
5 5 5 5 5
9 9 9 9 9
9 9 9 9 9
8 8 8 8 8
8 8 8 8 8
5 5 5 5 9
9 9 9 9 9
9 9 9 9 9
8 8 8 8 8
8 8 8 8 8
8 5 9 9 9
9 9 9 9 9
9 9 9 9 9
