1 1 1 1 1
1 1 5 5 5
5 5 5 5 1
1 1 1 1 1
1 1 1 5 5
1 1 1 1 1
5 5 5 5 5
5 5 5 1 1
1 1 1 1 1
1 1 1 5 5
1 1 1 5 5
5 5 5 5 5
5 5 1 1 1
1 1 1 1 1
1 1 5 5 5
3 3 5 5 5
5 5 5 5 5
5 1 1 1 1
1 1 1 1 1
1 5 5 5 5
3 3 5 5 5
5 5 5 5 5
1 1 1 1 1
1 1 1 1 1
5 5 5 5 5
3 3 5 5 5
5 5 5 5 1
1 1 1 1 1
1 1 1 1 1
5 5 5 5 5
3 3 3 5 5
5 5 5 1 1
1 1 1 1 1
1 1 1 1 5
5 5 5 5 5
3 3 3 5 5
5 5 1 1 1
1 1 1 1 1
1 1 1 5 5
5 5 5 5 5
3 3 3 3 5
5 1 1 1 1
1 1 1 1 1
1 1 5 5 5
5 5 5 5 5
3 3 3 3 5
5 1 1 1 1
1 1 1 1 1
1 5 5 5 5
5 5 5 5 5
3 3 3 3 7
7 7 7 7 1
1 1 1 1 1
1 5 5 5 5
5 5 5 5 5
3 3 3 7 7
7 7 7 7 7
7 7 7 7 1
5 5 5 5 5
5 5 5 5 5
3 3 7 7 7
7 7 7 7 7
7 7 7 7 7
5 5 5 5 5
5 5 5 5 5
7 7 7 7 7
7 7 7 7 7
7 7 7 7 7
5 5 5 5 5
5 5 5 5 5
7 7 7 7 7
7 7 7 7 7
7 7 7 7 7
5 5 5 5 5
5 5 5 5 5
7 7 7 7 7
7 7 7 7 7
7 7 7 7 7
5 5 5 5 5
5 5 5 5 5
7 7 7 7 7
7 7 7 7 7
7 7 7 7 7
7 5 5 5 5
5 5 5 5 5
7 7 7 7 7
7 7 7 7 7
7 7 7 7 7
7 5 5 5 5
5 5 5 5 5
7 7 7 7 7
7 7 7 7 7
7 7 7 7 7
7 5 5 5 5
5 5 5 5 5
7 7 7 7 7
7 7 7 7 7
7 7 7 7 7
7 5 5 5 5
5 5 5 5 5
7 7 7 7 7
7 7 7 7 7
7 7 7 7 7
7 5 5 5 5
5 5 5 5 5
7 7 7 7 7
7 7 7 7 7
7 7 7 7 7
7 8 8 8 8
8 8 8 8 8
7 7 7 7 7
7 7 7 7 7
7 7 7 7 7
8 8 8 8 8
8 8 8 8 8
7 7 7 7 7
7 7 7 7 7
7 7 7 7 7
8 8 8 8 8
8 8 8 8 8
7 7 7 7 7
7 7 7 7 7
7 7 7 7 7
8 8 8 8 8
8 8 8 8 8
7 7 7 7 7
7 7 7 7 7
7 7 7 7 8
8 8 8 8 8
8 8 8 8 8
7 7 7 7 7
7 7 7 7 7
7 7 0 0 0
8 8 8 8 8
8 8 8 8 8
2 2 2 2 2
2 7 7 7 0
0 0 0 0 0
8 8 8 8 8
8 8 8 8 8
2 2 2 2 2
2 2 2 0 0
0 0 0 0 0
8 8 8 8 8
8 8 8 8 8
2 2 2 2 2
2 2 2 0 0
0 0 0 0 0
0 8 8 8 8
8 8 8 8 8
2 2 2 2 2
2 2 0 0 0
0 0 0 0 0
0 8 8 8 8
8 8 8 8 8
2 2 2 2 2
2 2 0 0 0
0 0 0 0 0
0 8 8 8 8
8 8 8 8 8
2 2 2 2 2
2 0 0 0 0
0 0 0 0 0
0 0 8 8 8
8 8 8 8 8
2 2 2 2 2
2 0 0 0 0
0 0 0 0 0
9 9 9 6 6
6 6 6 6 6
2 2 2 2 2
0 0 0 0 0
0 0 0 0 9
9 9 9 6 6
6 6 6 6 6
2 2 2 2 2
0 0 0 0 0
0 0 0 9 9
9 9 9 6 6
6 6 6 6 6
2 2 2 2 0
0 0 0 0 0
0 0 9 9 9
9 9 9 9 6
6 6 6 6 6
2 2 2 2 0
0 0 0 0 0
0 9 9 9 9
9 9 9 9 6
6 6 6 6 6
2 2 2 0 0
0 0 0 0 0
9 9 9 9 9
9 9 9 9 6
6 6 6 6 6
2 2 2 0 0
0 0 0 0 9
9 9 9 9 9
9 9 9 9 6
6 6 6 6 6
2 2 0 0 0
0 0 0 9 9
9 9 9 9 9
9 9 9 9 9
6 6 6 6 6
2 2 0 0 0
0 0 9 9 9
9 9 9 9 9
9 9 9 9 9
6 6 6 6 6
2 0 0 3 3
3 3 3 3 9
9 9 9 9 9
9 9 9 9 9
6 6 6 6 6
3 3 3 3 3
3 3 3 3 3
3 3 9 9 9
9 9 9 9 9
6 6 9 9 9
3 3 3 3 3
3 3 3 3 3
3 3 3 3 9
9 9 9 9 9
9 9 9 9 9
3 3 3 3 3
3 3 3 3 3
3 3 3 3 3
3 3 9 9 9
9 9 9 9 9
3 3 3 3 3
3 3 3 3 3
3 3 3 3 3
3 3 3 9 9
9 9 9 9 9
3 3 3 3 3
3 3 3 3 3
3 3 3 3 3
3 3 3 9 9
9 9 9 9 9
3 3 3 3 3
3 3 3 3 3
3 3 3 3 3
3 3 3 9 9
9 9 9 9 9
3 3 3 3 3
3 3 3 3 3
3 3 3 3 3
3 3 3 3 9
9 9 9 9 9
