6 6 1 1 1
1 1 1 1 1
1 1 3 3 3
3 3 3 3 3
3 3 3 3 3
6 6 6 1 1
1 1 1 1 1
1 3 3 3 3
3 3 3 3 3
3 3 3 3 3
6 6 6 6 1
1 1 1 1 1
1 3 3 3 3
3 3 3 3 3
3 3 3 3 3
6 6 6 6 6
1 1 1 1 1
3 3 3 3 3
3 3 3 3 3
3 3 3 3 3
6 6 6 6 6
6 6 1 1 1
3 3 3 3 3
3 3 3 3 3
3 3 3 3 2
6 6 6 6 6
6 6 6 1 1
3 3 3 3 3
3 3 3 3 3
3 3 3 2 2
6 6 6 6 6
6 6 6 6 3
3 3 3 3 3
3 3 3 3 3
3 3 2 2 2
6 6 6 6 6
6 6 6 6 3
3 3 3 3 3
3 3 3 3 3
3 2 2 2 2
6 6 6 6 6
6 6 6 6 3
3 3 3 3 3
3 3 3 3 3
2 2 2 2 2
6 6 6 6 6
6 6 6 6 3
3 3 3 3 3
3 3 3 3 2
2 2 2 2 2
8 8 8 8 8
8 8 8 6 3
3 3 3 3 3
3 3 3 2 2
2 2 2 2 2
8 8 8 8 8
8 8 8 8 8
3 3 3 3 3
3 3 2 2 2
2 2 2 2 2
8 8 8 8 8
8 8 8 8 8
8 3 3 3 3
3 2 2 2 2
2 2 2 2 2
8 8 8 8 8
8 8 8 8 8
8 7 7 7 3
2 2 2 2 2
2 2 2 2 2
8 8 8 8 8
8 8 8 8 8
8 7 7 7 7
2 2 2 2 2
2 2 2 2 2
8 8 8 8 8
8 8 8 8 8
7 7 7 7 7
2 2 2 2 2
2 2 2 2 2
8 8 8 8 8
8 8 8 8 7
7 7 7 7 7
7 2 2 2 2
2 2 2 2 2
8 8 8 8 8
8 8 8 7 7
7 7 7 7 7
7 7 2 2 2
2 2 2 2 2
8 8 8 8 8
8 8 8 7 7
7 7 7 7 7
7 7 2 2 2
2 2 2 2 2
8 8 8 8 8
8 8 7 7 7
7 7 7 7 7
7 7 7 2 2
2 2 2 2 2
8 8 8 8 8
8 7 7 7 7
7 7 7 7 7
7 7 7 2 2
2 2 2 2 2
8 8 8 8 8
7 7 7 7 7
7 7 7 7 7
7 7 7 2 2
2 2 2 2 2
8 8 8 8 8
7 7 7 7 7
7 7 7 7 7
7 7 7 2 2
2 2 2 2 2
8 8 8 9 9
9 7 7 7 7
7 7 7 7 7
7 7 5 5 5
5 2 2 2 2
9 9 9 9 9
9 9 9 9 7
7 7 7 7 7
7 7 5 5 5
5 5 5 5 2
9 9 9 9 9
9 9 9 9 9
9 9 9 7 7
7 5 5 5 5
5 5 5 5 5
9 9 9 9 9
9 9 9 9 9
9 9 9 9 9
5 5 5 5 5
5 5 5 5 5
9 9 9 9 9
9 9 9 9 9
9 9 9 9 9
5 5 5 5 5
5 5 5 5 5
9 9 9 9 9
9 9 9 9 9
9 9 9 9 9
6 5 5 5 5
5 5 5 5 5
5 9 9 9 9
9 9 9 9 9
9 9 9 9 6
6 5 5 5 5
5 5 5 5 5
5 5 5 9 9
9 9 9 9 9
9 9 9 6 6
6 6 5 5 5
5 5 5 5 5
5 5 5 5 5
5 9 9 9 9
9 9 6 6 6
6 6 6 5 5
5 5 5 5 5
5 5 5 5 5
5 5 5 9 1
1 1 6 6 6
6 6 6 6 5
5 5 5 5 5
5 5 5 5 5
5 5 5 5 1
1 1 1 6 6
6 6 6 6 6
5 5 5 5 5
5 5 5 5 5
5 5 5 5 1
1 1 1 6 6
6 6 6 6 6
6 5 5 5 5
5 5 5 5 5
5 5 5 5 1
1 1 1 6 6
6 6 6 6 6
6 5 5 5 5
5 5 5 5 5
5 5 5 1 1
1 1 1 1 6
6 6 6 6 6
6 6 5 5 5
9 9 9 5 5
5 5 5 1 1
1 1 1 1 6
6 6 6 6 6
6 6 4 4 4
9 9 9 9 9
5 5 5 1 1
1 1 1 1 1
6 6 6 6 6
6 4 4 4 4
9 9 9 9 9
9 9 5 1 1
1 1 1 1 1
6 6 6 6 4
4 4 4 4 4
9 9 9 9 9
9 9 9 1 1
1 1 1 1 1
1 6 4 4 4
4 4 4 4 4
9 9 9 9 9
9 9 9 0 0
0 0 0 0 0
0 4 4 4 4
4 4 4 4 4
9 9 9 9 9
9 9 9 0 0
0 0 0 0 0
0 4 4 4 4
4 4 4 4 4
9 9 9 9 9
9 9 0 0 0
0 0 0 0 0
0 4 4 4 4
4 4 4 4 4
9 9 9 9 9
9 9 0 0 0
0 0 0 0 0
0 4 4 4 4
4 4 4 4 4
9 9 9 9 9
9 0 0 0 0
0 0 0 0 0
0 4 4 4 4
4 4 4 4 4
9 9 9 9 9
0 0 0 0 0
0 0 0 0 0
0 4 4 4 4
4 4 4 4 4
9 9 9 9 9
0 0 0 0 0
0 0 0 0 0
0 4 4 4 4
4 4 4 4 4
9 9 9 9 0
0 0 0 0 0
0 0 0 0 0
0 4 4 4 4
4 4 4 4 4
9 9 9 0 0
0 0 0 0 0
0 0 0 0 0
0 0 4 4 4
4 4 4 4 4
