1 1 1 1 1
1 9 9 9 9
9 9 9 9 9
9 9 9 9 9
7 7 7 7 7
1 1 1 1 1
1 9 9 9 9
9 9 9 9 9
9 9 9 9 7
7 7 7 7 7
1 1 1 1 1
1 1 9 9 9
9 9 9 9 9
9 9 9 9 7
7 7 7 7 7
1 1 1 1 1
1 1 9 9 9
9 9 9 9 9
9 9 9 9 7
7 7 7 7 7
1 1 1 1 1
1 1 1 9 9
9 9 9 9 9
9 9 9 7 7
7 7 7 7 7
1 1 1 1 1
1 1 1 9 9
9 9 9 9 9
9 9 9 7 7
7 7 7 7 7
1 1 1 1 1
1 1 1 1 9
9 9 9 9 9
9 9 9 7 7
7 7 7 7 7
1 1 1 1 1
1 1 1 1 9
9 9 9 9 9
9 9 7 7 7
7 7 7 7 7
1 1 1 1 1
1 1 1 1 5
9 9 9 9 9
9 9 7 7 7
7 7 7 7 7
1 1 1 1 1
1 1 5 5 5
5 9 9 9 9
7 7 7 7 7
7 7 7 7 7
1 1 1 1 5
5 5 5 5 5
5 5 7 7 7
7 7 7 7 7
7 7 7 7 7
1 1 5 5 5
5 5 5 5 5
5 7 7 7 7
7 7 7 7 7
7 7 7 7 7
5 5 5 5 5
5 5 5 5 5
5 7 7 7 7
7 7 7 7 7
7 7 7 7 7
8 5 5 5 5
5 5 5 5 5
5 7 7 7 7
7 7 7 7 7
7 7 7 7 7
8 8 5 5 5
5 5 5 5 5
5 7 7 7 7
7 7 7 7 7
7 7 7 7 7
8 8 5 5 5
5 5 5 5 5
5 7 7 7 7
7 7 7 7 7
7 7 7 7 7
8 8 8 5 5
5 5 5 5 5
7 7 7 7 7
7 7 7 7 7
7 7 7 7 7
8 8 8 8 5
5 5 5 5 5
7 7 7 7 7
7 7 7 7 7
7 7 7 7 7
8 8 8 8 5
5 5 5 0 0
7 7 7 7 7
7 7 7 7 7
7 7 7 7 7
8 8 8 8 0
0 0 0 0 0
0 7 7 7 7
7 7 7 7 7
7 7 7 7 7
8 8 0 0 0
0 0 0 0 0
0 7 7 7 7
7 7 7 7 7
7 7 7 7 2
0 0 0 0 0
0 0 0 0 0
0 8 7 7 7
7 7 7 7 7
7 7 2 2 2
0 0 0 0 0
0 0 0 0 0
8 8 8 7 7
7 7 7 7 7
7 2 2 2 2
0 0 0 0 0
0 0 0 0 8
8 8 8 8 7
7 7 9 9 9
2 2 2 2 2
0 0 0 0 0
0 0 8 8 8
8 8 8 8 9
9 9 9 9 9
2 2 2 2 2
5 5 5 5 5
5 8 8 8 8
8 8 8 8 9
9 9 9 9 9
2 2 2 2 2
5 5 5 5 5
5 8 8 8 8
8 8 8 8 9
9 9 9 9 9
9 2 2 2 2
5 5 5 5 5
5 8 8 8 8
8 8 8 8 8
9 9 9 9 9
9 2 2 2 2
5 5 5 5 5
5 8 8 8 8
8 8 8 8 8
9 9 9 9 9
9 2 2 2 2
5 5 5 5 5
5 5 8 8 8
8 8 8 8 8
8 9 9 9 9
9 9 2 2 2
5 5 5 5 5
5 5 8 8 1
1 1 8 8 8
8 9 9 9 9
9 9 2 2 2
5 5 5 5 5
5 5 1 1 1
1 1 8 8 8
8 8 9 9 9
9 9 2 2 2
5 5 5 5 5
5 1 1 1 1
1 1 1 8 8
8 8 9 9 9
9 9 2 2 2
5 5 5 5 5
5 1 1 1 1
1 1 1 1 8
8 8 8 9 9
9 9 9 2 2
5 5 5 5 5
1 1 1 1 1
1 1 1 1 1
8 8 8 9 9
4 4 4 4 4
5 5 5 5 5
1 1 1 1 1
1 1 1 1 1
1 8 8 4 4
4 4 4 4 4
5 5 5 5 1
1 1 1 1 1
1 1 1 1 1
1 8 4 4 4
4 4 4 4 4
5 5 5 5 1
1 1 1 1 1
1 1 1 1 1
1 4 4 4 4
4 4 4 4 4
3 3 3 3 1
1 1 1 1 1
1 1 1 1 1
4 4 4 4 4
4 4 4 4 4
3 3 3 3 3
1 1 1 1 1
1 1 1 1 4
4 4 4 4 4
4 4 4 4 4
3 3 3 3 3
3 3 1 1 1
1 1 1 1 4
4 4 4 4 4
4 4 4 4 4
3 3 3 3 3
3 3 3 3 1
1 1 1 4 4
4 4 4 4 4
4 4 4 4 4
3 3 3 3 3
3 3 3 3 3
3 1 4 4 4
4 4 4 4 4
4 4 4 4 4
3 3 3 3 3
3 3 3 3 3
3 3 4 4 4
4 4 4 4 4
4 4 4 4 4
3 3 3 3 3
3 3 3 3 3
3 3 4 4 4
4 4 4 4 4
4 4 4 4 4
3 3 3 3 3
3 3 3 3 3
3 3 3 4 4
4 4 4 4 4
4 4 4 4 4
3 3 3 3 3
3 3 3 3 3
3 3 3 4 4
4 4 4 4 4
4 4 4 4 4
3 3 3 3 3
3 3 3 3 3
3 3 3 3 4
4 4 4 4 4
4 4 4 4 4
3 3 3 3 3
3 3 3 3 3
3 3 3 3 4
4 4 4 4 4
4 4 4 4 4
3 3 3 3 3
3 3 3 3 3
3 3 3 3 3
4 4 4 4 4
4 4 4 4 4
