6 6 6 7 7
7 7 7 7 7
2 2 2 2 2
2 2 4 4 4
4 4 4 4 4
6 6 6 7 7
7 7 7 7 7
2 2 2 2 2
2 2 4 4 4
4 4 4 4 4
6 6 6 7 7
7 7 7 7 2
2 2 2 2 2
2 4 4 4 4
4 4 4 4 4
6 6 6 7 7
7 7 7 7 2
2 2 2 2 2
2 4 4 4 4
4 4 4 4 4
6 6 6 6 7
7 7 7 2 2
2 2 2 2 2
2 4 4 4 4
4 4 4 4 4
6 6 6 6 7
7 7 7 2 2
2 2 2 2 2
2 8 4 4 4
4 4 4 4 4
6 6 6 6 7
7 7 7 2 2
2 2 2 2 2
8 8 8 4 4
4 4 4 4 4
6 6 6 6 7
7 7 2 2 2
2 2 2 2 8
8 8 8 8 4
4 4 4 4 4
6 6 6 6 6
2 2 2 2 2
2 2 2 2 8
8 8 8 8 8
8 4 4 4 4
6 6 6 9 9
2 2 2 2 2
2 2 2 2 8
8 8 8 8 8
8 8 4 4 4
6 6 9 9 9
9 2 2 2 2
2 2 2 2 8
8 8 8 8 8
8 8 8 4 4
9 9 9 9 9
9 9 2 2 2
2 2 2 2 2
8 8 8 8 8
8 8 8 8 4
9 9 9 9 9
9 9 9 9 2
2 2 2 2 2
8 8 8 8 8
8 8 8 8 8
9 9 9 9 9
9 9 9 9 9
2 2 2 2 2
8 8 8 8 8
8 8 8 8 8
9 9 9 9 9
9 9 9 9 9
9 2 2 2 2
8 8 8 8 8
8 8 8 8 6
9 9 9 9 9
9 9 9 9 9
9 9 2 2 2
2 8 8 8 8
6 6 6 6 6
9 9 9 9 9
9 9 9 9 9
9 9 9 9 2
2 6 6 6 6
6 6 6 6 6
9 9 9 9 9
9 9 9 9 9
9 9 9 9 9
6 6 6 6 6
6 6 6 6 6
9 9 9 9 9
9 9 9 9 9
9 9 9 9 6
6 6 6 6 6
6 6 6 6 6
9 9 9 9 9
9 9 9 9 9
9 9 9 9 6
6 6 6 6 6
6 6 6 6 6
9 9 9 9 9
9 9 9 9 9
9 9 9 6 6
6 6 6 6 6
6 6 6 6 6
9 9 9 9 9
9 9 9 9 9
9 9 9 6 6
6 6 6 6 6
6 6 6 6 6
9 9 9 9 9
9 9 9 9 9
9 9 6 6 6
6 6 6 6 6
6 6 6 6 6
9 9 5 5 5
5 5 5 5 5
5 5 5 6 6
6 6 6 6 6
6 6 6 6 6
5 5 5 5 5
5 5 5 5 5
5 5 5 6 6
6 6 6 6 6
6 6 6 6 6
5 5 5 5 5
5 5 5 5 5
5 5 5 5 6
6 6 6 6 6
6 6 6 6 6
5 5 5 5 5
5 5 5 5 5
5 5 5 5 5
6 6 6 6 6
6 6 6 6 6
5 5 5 5 5
5 5 5 5 5
5 5 5 5 5
5 6 6 6 6
6 6 6 6 6
5 5 5 5 5
5 5 5 5 5
5 5 5 5 5
5 5 6 6 6
6 6 6 6 6
5 5 5 5 5
5 5 5 5 5
5 5 5 5 5
5 1 1 1 1
1 1 1 1 6
5 5 5 5 5
5 5 5 5 5
5 5 5 5 5
5 1 1 1 1
1 1 1 1 1
5 5 5 5 5
5 5 5 5 5
5 5 5 9 9
1 1 1 1 1
1 1 1 1 1
5 5 5 5 5
5 5 5 5 9
9 9 9 9 9
1 1 1 1 1
1 1 1 1 1
7 7 5 5 5
9 9 9 9 9
9 9 9 9 9
1 1 1 1 1
1 1 1 1 1
7 7 7 9 9
9 9 9 9 9
9 9 9 9 9
1 1 1 1 1
1 1 1 1 1
7 7 7 7 9
9 9 9 9 9
9 9 9 9 1
1 1 1 1 1
1 1 1 1 1
7 7 7 7 7
9 9 9 9 9
9 9 9 9 1
1 1 1 1 1
1 1 1 1 1
7 7 7 7 7
7 9 9 9 9
9 3 3 3 1
1 1 1 1 1
1 1 1 1 1
7 7 7 7 7
7 9 3 3 3
3 3 3 3 3
1 1 1 1 1
1 1 1 1 1
7 7 7 7 7
7 3 3 3 3
3 3 3 3 3
3 1 1 1 1
1 1 1 1 1
7 7 7 7 7
7 3 3 3 3
3 3 3 3 3
3 1 1 1 1
1 1 1 1 1
7 7 7 7 7
7 3 3 3 3
3 3 3 3 3
3 3 1 1 1
1 1 1 1 1
7 7 7 7 7
7 3 3 3 3
3 3 3 3 3
3 3 3 1 1
1 1 1 1 1
7 7 7 7 7
0 0 3 3 3
3 3 3 3 3
3 3 3 3 1
1 1 1 1 1
7 7 7 7 1
0 0 0 3 3
3 3 3 3 3
3 3 3 3 1
1 1 1 1 1
7 1 1 1 1
0 0 0 0 3
3 3 3 3 3
3 3 3 3 3
1 1 1 1 1
1 1 1 1 1
0 0 0 0 0
0 3 3 3 3
3 3 3 3 3
3 1 1 1 1
1 1 1 1 1
0 0 0 0 0
0 0 3 3 3
3 3 3 3 3
3 3 1 1 1
1 1 1 1 1
0 0 0 0 0
0 0 0 3 3
3 3 3 3 3
3 3 1 1 1
1 1 1 1 1
1 0 0 0 0
0 0 0 0 0
3 3 3 3 3
3 3 3 1 1
