9 9 9 9 9
9 5 5 5 5
5 5 5 5 5
5 5 5 5 5
5 5 5 5 5
9 9 9 9 9
9 5 5 5 5
5 5 5 5 5
5 5 5 5 5
5 5 5 5 5
9 9 9 9 9
9 5 5 5 5
5 5 5 5 5
5 5 5 5 5
5 5 5 5 7
9 9 9 9 9
9 5 5 5 5
5 5 5 5 5
5 5 5 5 5
5 5 7 7 7
9 9 9 9 9
9 5 5 5 5
5 5 5 5 5
5 5 5 5 5
7 7 7 7 7
9 9 9 9 9
9 5 5 5 5
5 5 5 5 5
5 5 5 7 7
7 7 7 7 6
9 9 9 9 9
9 5 5 5 5
5 5 5 5 5
7 7 7 7 7
7 7 7 7 6
9 9 9 9 9
9 5 5 5 5
5 5 5 0 7
7 7 7 7 7
7 7 7 6 6
9 9 9 9 9
9 5 5 0 0
0 0 0 7 7
7 7 7 7 7
7 7 6 6 6
9 9 9 9 9
0 0 0 0 0
0 0 0 7 7
7 7 7 7 7
7 7 6 6 6
9 9 9 9 6
6 0 0 0 0
0 0 0 7 7
7 7 7 7 7
7 6 6 6 6
7 7 7 7 6
6 6 0 0 0
0 0 0 7 7
7 7 7 7 7
6 6 6 6 6
7 7 7 7 6
6 6 6 0 0
0 0 0 7 7
7 7 7 7 7
6 6 6 6 6
7 7 7 7 6
6 6 6 6 0
0 0 0 7 7
7 7 7 5 5
6 6 6 6 6
7 7 7 7 6
6 6 6 6 6
0 0 0 7 7
7 5 5 5 5
6 6 6 6 6
7 7 7 7 6
6 6 6 6 6
6 6 0 7 5
5 5 5 5 5
6 6 6 6 6
7 7 7 7 7
6 6 6 6 6
6 6 6 5 5
5 5 5 5 5
6 6 6 6 6
7 7 7 7 7
6 6 6 6 6
6 6 6 5 5
5 5 5 5 5
6 6 6 6 6
7 7 7 7 7
6 6 6 6 6
6 6 6 5 5
5 5 5 5 5
6 6 6 6 6
7 7 7 7 7
6 6 6 6 6
6 6 8 8 5
5 5 5 5 5
6 6 6 6 6
7 7 7 7 7
6 6 6 6 6
6 6 8 8 8
8 5 5 5 5
6 6 6 6 6
7 7 7 7 7
4 4 4 4 4
4 8 8 8 8
8 8 8 8 5
5 6 6 6 6
7 7 7 7 4
4 4 4 4 4
4 8 8 8 8
8 8 8 8 8
8 6 6 6 6
7 7 7 4 4
4 4 4 4 4
4 4 8 8 8
8 8 8 8 8
8 8 6 6 6
7 7 4 4 4
4 4 4 4 4
4 4 8 8 8
8 8 8 8 8
8 8 8 6 6
7 4 4 4 4
4 4 4 4 4
4 9 9 8 8
8 8 8 8 8
8 8 8 8 6
4 4 4 4 4
4 4 4 4 4
9 9 9 9 8
8 8 8 8 8
8 8 8 8 8
4 4 4 4 4
4 4 4 4 9
9 9 9 9 9
8 8 8 8 8
8 8 8 8 8
4 4 4 4 4
4 4 4 9 9
9 9 9 9 9
9 8 8 8 8
8 8 8 8 8
4 4 4 4 4
4 4 9 9 9
9 9 9 9 9
9 9 8 8 8
8 8 8 8 8
4 4 4 4 4
4 9 9 9 9
9 9 9 9 9
9 9 9 8 8
8 8 8 8 8
4 4 4 4 4
9 9 9 9 9
9 9 9 9 9
9 9 9 9 8
8 8 8 8 8
4 3 3 3 9
9 9 9 9 9
9 9 9 9 9
9 9 9 9 9
8 8 8 2 2
3 3 3 3 3
3 3 3 3 9
9 9 9 9 9
9 9 9 9 9
9 2 2 2 2
3 3 3 3 3
3 3 3 3 3
3 3 3 3 9
9 9 9 9 9
2 2 2 2 2
3 3 3 3 3
3 3 3 3 3
3 3 3 3 3
3 3 3 3 2
2 2 2 2 2
3 3 3 3 3
3 3 3 3 3
3 3 3 3 3
3 3 3 2 2
2 2 2 2 2
3 3 3 3 3
3 3 3 3 3
3 3 3 3 3
3 3 3 2 2
2 2 2 2 2
3 3 3 3 3
3 3 3 3 3
3 3 3 3 3
3 3 3 2 2
2 2 2 2 2
3 3 3 3 3
3 3 3 3 3
3 3 3 3 3
3 3 0 2 2
2 2 2 2 2
3 3 3 3 3
3 3 3 3 3
3 3 3 3 3
3 0 0 0 2
2 2 2 2 2
3 3 3 3 3
3 3 3 3 3
3 3 3 3 3
3 0 0 0 0
2 2 2 2 2
3 3 3 3 3
3 3 3 3 3
3 3 3 3 3
0 0 0 0 0
0 2 2 2 2
3 3 3 3 3
3 3 3 3 3
3 1 1 1 1
0 0 0 0 0
0 2 2 2 2
3 3 3 3 3
1 1 1 1 1
1 1 1 1 1
0 0 0 0 0
0 0 2 2 2
1 1 1 1 1
1 1 1 1 1
1 1 1 1 1
1 0 0 0 0
0 0 0 2 2
1 1 1 1 1
1 1 1 1 1
1 1 1 1 1
1 0 0 0 0
0 0 0 0 2
1 1 1 1 1
1 1 1 1 1
1 1 1 1 1
1 0 0 0 0
0 0 0 0 0
1 1 1 1 1
1 1 1 1 1
1 1 1 1 1
1 0 0 0 0
0 0 0 0 0
1 1 1 1 1
1 1 1 1 1
1 1 1 1 1
1 0 0 0 0
0 0 0 0 0
