5 5 5 5 5
5 5 5 5 5
5 5 5 5 5
5 5 6 6 6
6 6 6 6 6
5 5 5 5 5
5 5 5 5 5
5 5 5 5 5
5 5 6 6 6
6 6 6 6 6
5 5 5 5 5
5 5 5 5 5
5 5 5 5 5
5 6 6 6 6
6 6 6 6 9
5 5 5 5 5
5 5 5 5 5
5 5 5 5 5
6 6 6 6 6
6 6 6 9 9
5 5 5 5 5
5 5 5 5 5
5 5 5 5 6
6 6 6 6 6
6 9 9 9 9
1 1 5 5 5
5 5 5 5 5
5 5 5 6 6
6 6 6 6 9
9 9 9 9 2
1 1 1 1 1
5 5 5 5 5
5 5 5 6 6
6 6 6 9 9
9 9 9 2 2
1 1 1 1 1
1 1 5 5 5
5 5 6 6 6
6 9 9 9 9
9 9 2 2 2
4 1 1 1 1
1 1 1 1 1
5 6 6 6 6
9 9 9 9 9
9 2 2 2 2
4 4 1 1 1
1 1 1 1 1
1 6 6 9 9
9 9 9 9 9
2 2 2 2 2
4 4 4 1 1
1 1 1 1 1
1 1 9 9 9
9 9 9 9 2
2 2 2 2 2
4 4 4 4 1
1 1 1 1 1
1 1 1 9 9
9 9 9 2 2
2 2 2 2 2
4 4 4 4 4
1 1 1 1 1
1 1 1 9 9
9 9 2 2 2
2 2 2 2 2
4 4 4 4 4
4 1 1 1 1
1 1 1 1 9
9 2 2 2 2
2 2 2 2 2
4 4 4 4 4
4 4 1 1 1
1 1 1 1 1
2 2 2 2 2
2 2 2 2 2
4 4 4 4 4
4 4 4 1 1
1 1 1 1 1
2 2 2 2 2
2 2 2 2 2
4 4 4 4 4
4 4 4 1 1
1 1 1 1 1
2 2 2 2 2
2 2 2 2 2
4 4 4 4 4
4 4 4 4 1
1 1 1 0 9
9 9 2 2 2
2 2 2 2 2
4 4 4 4 4
4 4 4 4 4
0 0 0 0 9
9 9 9 9 2
2 2 2 2 2
4 4 4 4 4
4 4 4 4 0
0 0 0 0 9
9 9 9 9 9
9 2 2 2 2
4 4 4 4 4
4 4 0 0 0
0 0 0 0 9
9 9 9 9 9
9 9 9 2 2
4 4 4 4 4
0 0 0 0 0
0 0 0 0 9
9 9 9 9 9
9 9 9 9 9
7 7 7 7 7
0 0 0 0 0
0 0 0 0 9
9 9 9 9 9
9 9 9 9 9
7 7 7 7 7
7 0 0 0 0
0 0 0 0 9
9 9 9 9 9
9 9 9 9 9
7 7 7 7 7
7 7 0 0 0
0 0 0 0 9
9 9 9 9 9
9 9 9 9 9
7 7 7 7 7
7 7 7 0 0
0 0 0 0 9
9 9 9 9 9
9 9 9 9 9
7 7 7 7 7
7 7 7 7 0
0 0 0 9 9
9 9 9 9 9
9 9 9 9 9
7 7 7 7 7
7 7 7 7 7
0 0 0 9 9
9 9 9 9 9
9 9 9 9 9
7 7 7 7 7
7 7 7 7 7
7 0 0 9 9
9 9 9 9 9
9 9 9 9 9
7 7 7 7 7
7 7 7 7 7
7 7 0 9 9
9 9 9 9 9
9 9 9 9 9
7 7 7 7 7
7 7 7 7 7
7 7 7 9 9
9 9 9 9 9
9 9 9 9 9
7 7 7 7 7
7 7 7 7 7
7 7 7 9 9
9 9 9 9 9
9 9 9 9 9
7 7 7 7 7
7 7 7 7 3
3 3 3 3 9
9 9 9 9 9
9 9 9 9 8
3 3 3 3 3
3 3 3 3 3
3 3 3 3 3
9 9 9 9 9
9 8 8 8 8
3 3 3 3 3
3 3 3 3 3
3 3 3 3 3
3 3 9 9 8
8 8 8 8 8
3 3 3 3 3
3 3 3 3 3
3 3 3 3 3
3 3 8 8 8
8 8 8 8 8
3 3 3 3 3
3 3 3 3 3
3 3 3 3 3
3 3 3 8 8
8 8 8 8 8
3 3 3 3 3
3 3 3 3 3
3 3 3 3 3
3 3 3 8 8
8 8 8 8 8
3 3 3 3 3
3 3 3 3 3
3 3 3 3 3
3 3 3 8 8
8 8 8 8 8
6 6 6 6 3
3 3 3 3 3
3 3 3 3 3
3 3 3 3 8
8 8 8 8 8
6 6 6 6 6
6 6 6 5 5
5 5 5 5 3
3 3 3 3 8
8 8 8 8 8
6 6 6 6 6
6 6 6 5 5
5 5 5 3 3
3 3 3 3 3
8 8 8 8 8
6 6 6 6 6
6 6 5 5 5
5 5 5 3 3
3 3 3 3 3
8 8 8 8 8
6 6 6 6 6
6 6 5 5 5
5 5 5 3 3
3 3 3 3 3
8 8 8 8 8
6 6 6 6 6
6 6 5 5 5
5 5 5 3 3
3 3 3 3 3
3 8 8 8 8
6 6 6 6 6
6 5 5 5 5
5 2 2 3 3
3 3 3 3 3
3 8 8 8 8
6 6 6 6 6
6 5 5 5 5
2 2 2 2 3
3 3 3 3 3
3 8 8 8 8
6 6 6 6 6
6 5 5 2 2
2 2 2 2 3
3 3 3 3 3
3 3 8 8 8
6 6 6 6 6
5 5 2 2 2
2 2 2 2 2
3 3 3 3 3
3 3 8 8 8
6 6 6 6 6
2 2 2 2 2
2 2 2 2 2
3 3 3 3 3
3 3 3 8 8
