4 4 4 4 4
4 4 4 4 4
4 4 4 4 4
4 4 4 4 4
4 4 4 4 3
4 4 4 4 4
4 4 4 4 4
4 4 4 4 4
4 4 4 4 4
4 4 4 3 3
4 4 4 4 4
4 4 4 4 4
4 4 4 4 4
4 4 4 4 4
4 3 3 3 3
4 4 4 4 4
4 4 4 4 4
4 4 4 4 4
4 4 4 4 3
3 3 3 3 3
4 4 4 4 4
4 4 4 4 4
4 4 4 4 4
4 4 4 3 3
3 3 3 3 3
4 4 4 4 4
4 4 4 4 4
4 4 4 4 4
4 3 3 3 3
3 3 3 3 3
4 4 4 4 4
4 4 4 4 4
4 4 4 4 4
3 3 3 3 3
3 3 3 3 3
4 4 4 4 4
4 4 4 4 4
4 4 4 3 3
3 3 3 3 3
3 3 3 3 3
1 1 1 1 4
4 4 4 4 4
4 4 3 3 3
3 3 3 3 3
3 3 3 3 3
1 1 1 1 1
1 1 1 1 1
3 3 3 3 3
3 3 3 3 3
3 3 3 3 3
1 1 1 1 1
1 1 1 1 1
3 3 3 3 3
3 3 3 3 3
3 3 3 3 3
1 1 1 1 1
1 1 1 1 3
3 3 3 3 3
3 3 3 3 3
3 3 3 3 3
1 1 1 1 1
1 1 1 3 3
3 3 3 3 3
3 3 3 3 3
3 3 3 7 7
1 1 1 1 1
1 1 5 3 3
3 3 3 3 3
3 3 3 3 3
3 3 7 7 7
1 1 1 1 1
5 5 5 3 3
3 3 3 3 3
3 3 3 3 3
3 7 7 7 7
1 1 1 5 5
5 5 5 3 3
3 3 3 3 3
3 3 3 3 7
7 7 7 7 7
1 5 5 5 5
5 5 5 3 3
3 3 3 3 3
3 3 3 7 7
7 7 7 7 7
5 5 5 5 5
5 5 5 3 3
3 3 3 3 3
3 3 7 7 7
7 7 7 7 7
5 5 5 5 5
5 5 5 3 3
3 3 3 3 3
7 7 7 7 7
7 7 7 7 7
5 5 5 5 5
5 5 5 5 3
3 3 3 3 7
7 7 7 7 7
7 7 7 7 7
5 5 5 5 5
5 5 5 5 3
3 3 7 7 7
7 7 7 7 7
7 7 7 7 7
5 5 5 5 5
5 5 5 5 3
3 7 7 7 7
7 7 7 7 7
7 7 7 7 7
5 5 5 5 5
5 5 5 5 3
7 7 7 7 7
7 7 7 7 7
7 7 7 7 9
5 5 5 5 5
5 5 2 2 7
7 7 7 7 7
7 7 7 7 7
7 7 7 9 9
5 5 5 2 2
2 2 2 2 2
7 7 7 7 7
7 7 7 7 7
7 9 9 9 9
2 2 2 2 2
2 2 2 2 2
2 7 7 7 7
7 7 7 7 7
9 9 9 9 9
2 2 2 2 2
2 2 2 2 2
2 2 1 1 1
1 1 1 1 9
9 9 9 9 9
2 2 2 2 2
2 2 2 2 2
2 1 1 1 1
1 1 1 1 9
9 9 9 9 9
2 2 2 2 2
2 2 2 2 2
2 1 1 1 1
1 1 1 1 9
9 9 9 9 9
2 2 2 2 2
2 2 2 2 2
2 1 1 1 1
1 1 1 9 9
9 9 9 9 9
6 6 6 2 2
2 2 2 2 2
2 1 1 1 1
1 1 1 9 9
9 9 9 9 9
6 6 6 6 6
6 6 6 6 6
6 1 1 1 1
1 1 1 9 9
9 9 9 8 8
6 6 6 6 6
6 6 6 6 6
6 1 1 1 1
1 1 1 9 9
9 9 8 8 8
6 6 6 6 6
6 6 6 6 6
6 8 8 8 8
8 8 8 9 9
8 8 8 8 8
6 6 6 6 6
6 6 6 6 6
6 8 8 8 8
8 8 8 8 8
8 8 8 8 8
6 6 6 6 6
6 6 6 6 6
6 8 8 8 8
8 8 8 8 8
8 8 8 8 8
6 6 6 6 6
6 6 6 6 6
8 8 8 8 8
8 8 8 8 8
8 8 8 8 8
6 6 6 6 6
6 6 6 6 6
8 8 8 8 8
8 8 8 8 8
8 8 8 8 8
6 6 6 6 6
6 6 6 6 6
8 8 8 8 8
8 8 8 8 0
0 0 0 0 0
6 6 6 6 6
6 6 6 6 8
8 8 8 8 8
8 8 8 0 0
0 0 0 0 0
6 6 6 6 6
6 6 6 9 9
9 9 9 9 9
9 8 0 0 0
0 0 0 0 0
6 6 6 6 6
6 9 9 9 9
9 9 9 9 9
9 9 0 0 0
0 0 0 0 0
6 6 6 6 9
9 9 9 9 9
9 9 9 9 9
9 9 9 0 0
0 0 0 0 0
6 6 6 9 9
9 9 9 9 9
9 9 9 9 9
9 9 9 0 0
0 0 0 0 0
6 9 9 9 9
9 9 9 9 9
9 9 9 9 9
9 9 9 0 0
0 0 0 0 0
8 8 9 9 9
9 9 9 9 9
9 9 9 9 9
9 9 9 9 0
0 0 0 0 0
8 8 8 8 8
8 8 8 9 9
9 9 9 9 9
9 9 9 9 0
0 0 0 0 0
8 8 8 8 8
8 8 8 8 8
8 7 7 7 7
7 7 7 7 7
0 0 0 0 0
8 8 8 8 8
8 8 8 8 8
8 8 8 7 7
7 7 7 7 7
0 0 0 0 0
8 8 8 8 8
8 8 8 8 8
8 8 8 8 8
7 7 7 7 7
7 0 0 0 0
