6 6 6 6 6
6 6 6 6 6
6 6 6 7 7
4 4 1 1 1
1 1 1 1 1
6 6 6 6 6
6 6 6 6 6
6 6 7 7 7
4 4 1 1 1
1 1 1 1 1
6 6 6 6 6
6 6 6 6 6
6 7 7 7 7
4 4 4 1 1
1 1 1 1 1
6 6 6 6 6
6 6 6 6 6
7 7 7 7 4
4 4 4 1 1
1 1 1 1 1
6 6 6 6 6
6 6 6 6 7
7 7 7 7 4
4 4 4 1 1
1 1 1 1 1
6 6 6 6 6
6 6 6 6 7
7 7 7 7 4
4 4 4 1 1
1 1 1 1 1
6 6 6 6 6
6 6 6 7 7
7 7 7 7 4
4 4 4 4 1
1 1 1 1 1
8 8 8 8 6
6 6 7 7 7
7 7 7 7 4
4 4 4 4 1
1 1 1 1 1
8 8 8 8 8
8 7 7 7 7
7 7 7 7 4
4 4 4 4 1
1 1 1 1 1
8 8 8 8 8
8 7 7 7 7
7 7 7 4 4
4 4 4 4 1
1 1 1 1 1
8 8 8 8 8
8 7 7 7 7
7 7 7 4 4
4 4 4 4 1
1 1 1 1 1
8 8 8 8 8
8 7 7 7 7
7 7 7 4 4
4 4 4 4 4
1 1 1 1 1
8 8 8 8 8
8 7 7 7 7
7 7 7 4 4
4 4 4 4 4
1 1 1 1 1
8 8 8 8 8
7 7 7 7 7
7 7 7 4 4
4 4 4 4 4
4 1 1 1 1
8 8 8 3 3
3 3 7 7 7
7 7 7 4 4
4 4 4 4 4
4 4 4 1 1
8 3 3 3 3
3 3 3 7 7
7 7 4 4 4
4 4 4 4 4
4 4 4 4 1
3 3 3 3 3
3 3 3 3 7
7 7 4 4 4
4 4 4 4 4
4 4 4 4 4
3 3 3 3 3
3 3 3 3 3
3 7 4 4 4
4 4 4 4 4
4 4 4 4 4
3 3 3 3 3
3 3 3 3 3
3 3 4 4 4
4 4 4 4 4
4 4 4 4 4
3 3 3 3 3
3 3 3 3 3
3 3 4 4 4
4 4 4 4 4
4 4 4 4 4
3 3 3 3 3
3 3 3 3 3
1 1 1 4 4
4 4 4 4 4
4 4 4 4 4
3 3 3 3 3
3 3 1 1 1
1 1 1 9 9
9 9 9 9 9
9 9 9 9 9
3 3 3 3 1
1 1 1 1 1
1 1 1 9 9
9 9 9 9 9
9 9 9 9 9
3 1 1 1 1
1 1 1 1 1
1 1 1 9 9
9 9 9 9 9
9 9 9 9 9
1 1 1 1 1
1 1 1 1 1
1 1 1 9 9
9 9 9 9 9
9 9 9 9 9
1 1 1 1 1
1 1 1 1 1
1 1 9 9 9
9 9 9 9 9
9 9 9 9 9
1 1 1 1 1
1 1 1 1 1
1 1 9 9 9
9 9 9 9 9
9 9 9 9 9
2 2 1 1 1
1 1 1 1 1
1 1 9 9 9
9 9 9 9 9
9 9 9 9 9
2 2 2 2 2
1 1 1 1 1
1 1 9 9 9
9 9 9 9 9
9 9 9 9 9
2 2 2 2 2
2 2 2 1 1
1 1 9 9 9
9 9 9 9 9
9 9 9 9 9
2 2 2 2 2
2 2 2 2 2
2 9 9 9 9
9 9 9 9 9
9 9 9 9 9
2 2 2 2 2
2 2 2 2 2
2 2 9 9 9
9 9 9 9 9
9 9 9 9 9
2 2 2 2 2
2 2 2 2 2
2 2 9 9 9
9 9 9 9 9
9 9 9 9 9
2 2 2 2 2
2 2 2 2 2
2 2 2 9 9
9 9 9 9 9
9 9 9 9 9
2 2 2 2 2
2 2 2 2 2
2 2 2 9 9
9 9 9 9 9
9 9 9 9 9
2 2 2 2 2
2 2 2 2 2
2 2 2 9 9
9 9 9 9 9
9 9 9 6 6
2 2 2 2 2
2 2 2 2 2
2 2 2 2 9
9 9 9 6 6
6 6 6 6 6
2 2 2 2 2
2 2 2 2 2
2 2 8 8 8
0 6 6 6 6
6 6 6 6 6
2 2 2 2 2
2 2 2 2 2
8 8 8 8 8
0 6 6 6 6
6 6 6 6 6
2 2 2 2 5
5 5 5 5 5
8 8 8 8 8
0 0 6 6 6
6 6 6 6 6
5 5 5 5 5
5 5 5 5 5
8 8 8 8 8
0 0 6 6 6
6 6 6 6 6
5 5 5 5 5
5 5 5 5 5
8 8 8 8 8
0 0 0 6 6
6 6 6 6 6
6 5 5 5 5
5 5 5 5 5
8 8 8 8 8
0 0 0 6 6
6 6 6 6 6
6 5 5 5 5
5 5 5 5 8
8 8 8 8 8
0 0 0 0 6
6 6 6 6 6
6 6 5 5 5
5 5 5 5 8
8 8 8 8 8
0 0 0 0 6
6 6 6 6 6
6 6 6 5 5
5 5 5 5 8
8 8 8 8 8
0 0 0 0 0
6 6 6 6 6
6 6 6 5 5
5 5 5 5 8
8 8 8 8 8
0 0 0 0 0
6 6 6 6 6
6 6 6 6 5
5 5 5 5 8
8 8 8 8 8
0 0 0 0 0
6 6 6 6 6
6 6 6 6 5
5 5 5 8 8
8 8 8 8 8
0 0 0 0 0
0 6 6 6 6
6 6 6 6 6
5 5 5 8 8
8 8 8 8 8
0 0 0 0 0
0 6 6 6 6
