5 5 5 5 5
5 3 3 3 3
3 3 3 3 3
3 3 3 3 3
3 3 3 3 3
5 5 5 5 5
5 5 3 3 3
3 3 3 3 3
3 3 3 3 3
3 3 3 3 3
5 5 5 5 5
5 5 5 5 3
3 3 3 3 3
3 3 3 3 3
3 3 3 3 3
5 5 5 5 5
5 5 5 5 5
3 3 3 3 3
3 3 3 3 3
3 3 3 3 3
5 5 5 5 5
5 5 5 5 5
9 9 3 3 3
3 3 3 3 3
3 3 3 3 3
5 5 5 5 5
5 5 5 5 5
5 9 9 3 3
3 3 3 3 3
3 3 3 7 7
5 5 5 5 5
5 5 5 5 5
5 9 9 9 9
3 3 3 3 3
3 7 7 7 7
5 5 5 5 5
5 5 5 5 5
5 5 9 9 9
9 9 3 3 7
7 7 7 7 7
5 5 5 5 5
5 5 5 5 5
5 5 9 9 9
9 9 9 7 7
7 7 7 7 7
5 5 5 5 5
5 5 5 5 5
5 5 9 9 9
9 9 9 7 7
7 7 7 7 7
5 5 5 5 5
5 5 5 5 5
5 5 5 9 9
9 9 9 7 7
7 7 7 7 7
5 5 5 5 5
5 5 5 5 5
5 5 5 9 9
9 9 7 7 7
7 7 7 7 7
5 5 5 5 5
5 5 5 5 5
5 5 5 5 9
9 9 7 7 7
7 7 7 7 7
5 5 5 5 5
5 5 5 5 5
5 5 5 5 9
9 9 7 7 7
7 7 7 7 7
5 5 5 5 5
5 5 5 5 5
5 7 7 7 7
7 7 7 7 7
7 7 7 7 7
5 5 7 7 7
7 7 7 7 7
7 7 7 7 7
7 7 7 7 7
7 7 7 7 7
7 7 7 7 7
7 7 7 7 7
7 7 7 7 7
7 7 7 7 7
7 7 7 7 7
6 6 7 7 7
7 7 7 7 7
7 7 7 7 7
7 7 7 7 7
7 7 7 7 7
6 6 6 6 6
6 7 7 7 7
7 7 7 7 7
7 7 7 8 8
8 8 7 7 7
6 6 6 6 6
6 6 6 6 6
7 7 7 7 7
7 8 8 8 8
8 8 8 3 3
6 6 6 6 6
6 6 6 6 6
6 6 6 6 6
8 8 8 8 8
8 8 8 3 3
6 6 6 6 6
6 6 6 6 6
6 6 6 6 6
8 8 8 8 8
8 8 3 3 3
6 6 6 6 6
6 6 6 6 6
6 6 6 6 8
8 8 8 8 8
8 3 3 3 3
0 6 6 6 6
6 6 6 6 6
6 6 6 6 8
8 8 8 8 8
8 3 3 3 3
0 0 6 6 6
6 6 6 6 6
6 6 6 6 8
8 8 8 8 8
3 3 3 3 3
0 0 0 0 6
6 6 6 6 6
6 6 6 6 8
8 8 8 8 3
3 3 3 3 3
0 0 0 0 0
6 6 6 6 6
6 6 6 8 8
8 8 8 8 3
3 3 3 3 3
0 0 0 0 0
0 0 6 6 6
6 6 6 8 8
8 8 8 3 3
3 3 3 3 3
0 0 0 0 0
0 0 0 6 6
6 6 6 8 8
8 8 8 3 3
3 3 3 3 3
0 0 0 0 0
0 0 0 9 9
9 9 9 9 3
3 3 3 3 3
3 3 3 3 8
0 0 0 0 0
0 0 0 9 9
9 9 9 9 9
3 3 3 3 8
8 8 8 8 8
0 0 0 0 0
0 0 0 9 9
9 9 9 9 9
3 3 3 3 3
8 8 8 8 8
0 0 0 0 0
0 0 0 9 9
9 9 9 9 9
3 3 3 3 3
8 8 8 8 8
0 0 0 0 0
0 0 5 9 9
9 9 9 9 9
3 3 3 3 3
3 8 8 8 8
0 0 0 0 0
0 0 5 5 9
9 9 9 9 9
3 3 3 3 3
3 8 8 8 8
0 0 0 0 0
0 0 5 5 5
9 9 9 9 9
3 3 3 3 3
3 3 8 8 8
0 0 0 0 0
0 5 5 5 5
5 5 9 9 9
3 3 3 3 3
3 3 8 8 8
0 0 0 0 0
0 5 5 5 5
5 5 5 9 9
3 3 3 3 3
3 3 3 8 8
0 0 0 0 0
0 5 5 5 5
5 5 5 2 2
2 2 2 3 3
3 3 3 8 8
0 0 0 0 0
5 5 5 5 5
5 5 2 2 2
2 2 2 2 2
3 3 3 3 8
0 0 0 0 0
5 5 5 5 5
5 2 2 2 2
2 2 2 2 2
2 2 3 3 8
9 9 9 9 9
5 5 5 5 5
2 2 2 2 2
2 2 2 2 2
2 2 2 2 3
9 9 9 9 9
9 5 5 5 2
2 2 2 2 2
2 2 2 2 2
2 2 2 2 2
9 9 9 9 9
9 9 5 2 2
2 2 2 2 2
2 2 2 2 2
2 2 2 2 2
9 9 9 9 9
9 9 9 2 2
2 2 2 2 2
2 2 2 2 2
2 2 2 2 2
9 9 9 9 9
9 9 9 2 2
2 2 2 2 2
2 2 2 2 2
2 2 2 2 2
9 9 9 9 9
9 9 9 9 2
2 2 2 2 2
2 2 2 2 2
2 2 2 2 2
9 9 9 9 9
9 9 9 9 2
2 2 2 2 2
2 2 2 2 2
2 2 2 2 2
9 9 9 9 9
9 9 9 9 2
2 2 2 2 2
2 2 2 2 2
2 2 2 2 2
9 9 9 9 9
9 9 9 9 9
2 2 2 2 2
2 2 2 2 2
2 2 2 2 2
