8 8 8 8 8
8 8 8 8 8
5 5 5 5 5
5 5 5 5 5
3 3 3 3 3
8 8 8 8 8
8 8 8 8 8
5 5 5 5 5
5 5 5 5 3
3 3 3 3 3
8 8 8 8 8
8 8 8 8 8
5 5 5 5 5
5 5 5 5 3
3 3 3 3 3
8 8 8 8 8
8 8 8 8 8
5 5 5 5 5
5 5 5 5 3
3 3 3 3 3
8 8 8 8 8
8 8 8 8 5
5 5 5 5 5
5 5 5 5 3
3 3 3 3 3
8 8 8 8 8
8 8 8 8 5
5 5 5 5 5
5 5 5 5 3
3 3 3 3 3
8 8 8 8 8
8 8 8 8 5
5 5 5 5 5
5 5 5 5 3
3 3 3 3 3
8 8 8 8 8
8 8 8 8 5
5 5 5 5 5
5 5 5 3 3
3 3 3 3 3
8 8 8 8 8
8 8 8 8 5
5 5 5 5 5
5 4 4 3 3
3 3 3 3 3
8 8 8 8 8
8 8 8 8 5
5 5 5 5 5
4 4 4 4 4
3 3 3 3 3
8 8 8 8 8
8 8 8 8 5
5 5 5 5 4
4 4 4 4 4
4 4 3 3 3
8 8 8 8 8
8 8 8 8 5
5 5 5 4 4
4 4 4 4 4
4 4 4 3 3
7 8 8 8 8
8 8 8 5 5
5 5 4 4 4
4 4 4 4 4
4 3 3 3 3
7 7 7 7 7
8 8 8 5 5
5 4 4 4 4
4 4 4 4 4
3 3 3 3 3
7 7 7 7 7
7 7 7 5 5
4 4 4 4 4
4 4 4 4 3
3 3 3 3 3
7 7 7 7 7
7 7 7 7 4
4 4 4 4 4
4 4 4 3 3
3 3 3 3 3
7 7 7 7 7
7 7 7 7 7
4 4 4 4 4
4 4 3 3 3
3 3 3 3 3
7 7 7 7 7
7 7 7 7 7
4 4 4 4 4
6 6 3 3 3
3 3 3 3 3
7 7 7 7 7
7 7 7 7 7
7 4 6 6 6
6 6 6 6 3
3 3 3 3 3
7 7 7 7 7
7 7 7 7 7
7 6 6 6 6
6 6 6 6 6
6 3 3 3 3
7 7 7 7 7
7 7 7 7 7
7 6 6 6 6
6 6 6 6 6
6 6 3 3 3
7 7 7 7 7
7 7 7 7 7
7 6 6 6 6
6 6 6 6 6
6 6 6 6 3
7 7 7 7 7
7 7 7 7 7
7 6 6 6 6
6 6 6 6 6
6 6 6 6 6
7 7 7 7 7
7 7 7 7 7
7 6 6 6 6
6 6 6 6 6
6 6 6 6 6
7 7 7 7 7
7 7 7 7 7
1 1 1 6 6
6 6 6 6 6
6 6 6 6 6
7 7 7 7 7
7 7 7 7 1
1 1 1 1 1
1 1 1 6 6
6 6 6 6 6
7 7 7 7 7
7 7 7 1 1
1 1 1 1 1
1 1 1 1 1
1 1 1 6 6
7 7 7 7 7
7 7 7 1 1
1 1 1 1 1
1 1 1 1 1
1 1 1 1 1
7 7 7 7 7
7 7 1 1 1
1 1 1 1 1
1 1 1 1 1
1 1 1 1 1
7 7 7 7 7
7 1 1 1 1
1 1 1 1 1
1 1 1 1 1
1 1 1 1 1
1 1 1 1 1
1 1 1 1 1
1 1 1 1 1
1 1 1 1 1
1 1 1 1 1
1 1 1 1 1
1 1 1 1 1
1 1 1 1 1
1 1 1 1 1
1 1 1 1 9
1 1 1 1 1
1 1 1 1 1
1 1 1 1 1
1 1 1 1 1
1 1 9 9 9
1 1 1 1 1
1 2 1 1 1
1 1 1 1 1
1 1 1 1 1
1 9 9 9 9
1 1 1 1 1
2 2 2 1 1
1 1 1 1 1
1 1 1 1 9
9 9 9 9 9
1 1 1 1 1
2 2 4 4 1
1 1 1 1 1
1 1 1 9 9
9 9 9 9 9
1 1 1 1 2
2 2 4 4 4
4 1 1 1 1
1 9 9 9 9
9 9 9 9 9
1 1 1 2 2
2 4 4 4 4
4 4 1 1 1
9 9 9 9 9
9 9 9 9 9
1 1 1 2 2
2 4 4 4 4
4 4 4 4 9
9 9 9 9 9
9 9 9 9 9
1 1 2 2 2
2 4 4 4 4
4 4 4 4 9
9 9 9 9 9
9 9 9 9 9
1 1 2 2 2
4 4 4 4 4
4 4 4 4 9
9 9 9 9 9
9 9 9 9 9
1 2 2 2 2
4 4 4 4 4
4 4 4 4 4
9 9 9 9 9
9 9 9 9 9
2 2 2 2 2
4 4 4 4 4
4 4 4 4 2
2 9 9 9 9
9 9 9 9 9
2 2 2 2 4
4 4 4 4 4
4 4 4 2 2
2 2 9 9 9
9 9 9 9 9
2 2 2 2 4
4 4 4 4 4
4 4 2 2 2
2 2 2 9 9
9 9 9 9 9
2 2 9 9 9
4 4 4 4 4
4 2 2 2 2
2 2 2 2 2
9 9 9 9 9
2 9 9 9 9
9 9 4 4 4
2 2 2 2 2
2 2 2 2 2
2 9 9 9 9
9 9 9 9 9
9 9 9 4 2
2 2 2 2 2
2 2 2 2 2
2 2 9 9 9
9 9 9 9 9
9 9 9 9 2
2 2 2 2 2
2 2 2 2 2
2 2 2 9 9
9 9 9 9 9
9 9 9 9 2
2 2 2 2 2
2 2 2 2 2
2 2 2 2 9
