3 1 1 1 1
1 1 1 1 1
1 9 9 9 9
9 9 9 9 9
9 9 9 9 9
3 1 1 1 1
1 1 1 1 1
1 9 9 9 9
9 9 9 9 9
9 9 9 9 9
3 3 1 1 1
1 1 1 1 1
1 9 9 9 9
9 9 9 9 9
9 9 9 9 9
3 3 1 1 1
1 1 1 1 1
9 9 9 9 9
9 9 9 9 9
9 9 9 9 9
3 3 1 1 1
1 1 1 1 1
9 9 9 9 9
9 9 9 9 9
9 9 9 9 9
3 3 3 1 1
1 1 1 1 1
9 9 9 9 9
9 9 9 9 9
9 9 9 9 9
3 3 3 1 1
1 1 1 1 1
7 9 9 9 9
9 9 9 9 9
9 9 9 9 9
3 3 3 1 1
1 1 1 1 7
7 7 7 9 9
9 9 9 9 9
9 9 9 9 9
3 3 3 1 1
1 1 1 1 7
7 7 7 7 7
9 9 9 9 9
9 9 9 9 9
3 3 3 3 1
1 1 1 1 7
7 7 7 7 7
7 7 9 9 9
9 9 9 9 9
3 3 3 3 1
1 1 1 7 7
7 7 7 7 7
7 7 7 9 9
9 9 9 9 9
3 3 3 3 1
1 1 1 0 0
0 0 0 0 0
0 0 0 9 9
9 9 9 9 9
3 3 3 3 3
3 3 0 0 0
0 0 0 0 0
0 0 9 9 9
9 9 9 9 9
3 3 3 3 3
3 3 3 0 0
0 0 0 0 0
0 0 9 9 9
9 9 9 9 9
3 3 3 3 3
3 3 3 0 0
0 0 0 0 0
0 0 9 9 9
9 9 9 9 9
3 3 3 3 3
3 3 3 3 0
0 0 0 0 0
0 0 9 9 9
9 9 9 9 9
3 3 3 3 3
3 3 3 3 0
0 0 0 0 0
0 9 9 9 9
9 9 9 9 9
3 3 3 3 3
3 3 3 3 3
0 0 0 0 0
0 9 9 9 9
9 9 9 9 9
3 3 3 3 3
3 3 3 3 6
6 0 0 0 0
0 9 9 9 9
9 9 9 9 9
3 3 3 3 3
3 3 3 6 6
6 6 6 0 0
9 9 9 9 9
9 9 9 9 9
3 3 3 3 3
3 3 6 6 6
6 6 6 6 6
8 9 9 9 9
9 2 2 2 2
3 3 3 3 3
3 6 6 6 6
6 6 6 6 6
8 8 8 8 8
2 2 2 2 2
3 3 3 3 3
6 6 6 6 6
6 6 6 6 8
8 8 8 8 8
2 2 2 2 2
3 3 3 3 6
6 6 6 6 6
6 6 6 6 8
8 8 8 8 8
2 2 2 2 2
3 3 3 6 6
6 6 6 6 6
6 6 6 6 8
8 8 8 8 8
2 2 2 2 2
3 3 6 6 6
6 6 6 6 6
6 6 6 8 8
8 8 8 8 8
2 2 2 2 2
3 6 6 6 6
6 6 6 6 6
6 6 6 8 8
8 8 8 8 8
2 2 2 2 2
1 1 1 6 6
6 6 6 6 6
6 6 8 8 8
8 8 8 8 8
2 2 2 2 2
1 1 1 1 1
6 6 6 6 6
6 6 8 8 8
8 8 8 8 8
2 2 2 2 2
1 1 1 1 1
1 3 6 6 6
6 6 8 8 8
8 8 8 8 8
2 2 2 2 2
1 1 1 1 1
3 3 3 3 6
6 8 8 8 8
8 8 8 8 8
2 2 2 2 2
1 1 1 1 1
3 3 3 3 3
3 8 8 8 8
8 8 8 8 8
2 2 2 2 2
1 1 1 1 1
3 3 3 3 3
3 3 8 8 8
8 8 8 8 8
2 2 2 2 2
1 1 1 1 1
3 3 3 3 3
3 3 5 8 8
8 8 8 8 8
2 2 2 2 2
1 1 1 1 1
3 3 3 3 3
3 5 5 5 5
8 8 8 8 8
8 2 2 2 2
1 1 1 1 1
3 3 3 3 5
5 5 5 5 5
5 8 8 8 8
8 2 2 2 2
1 1 1 1 3
3 3 3 5 5
5 5 5 5 5
5 5 5 8 8
8 2 2 2 6
1 1 1 1 3
3 3 5 5 5
5 5 5 5 5
5 5 5 5 6
6 6 6 6 6
1 1 1 1 3
3 5 5 5 5
5 5 5 5 5
5 5 5 5 6
6 6 6 6 6
1 1 1 1 3
5 5 5 5 5
5 5 5 5 5
5 5 5 6 6
6 6 6 6 6
1 1 1 1 5
5 5 5 5 5
5 5 5 5 5
5 5 5 6 6
6 6 6 6 6
1 1 1 5 5
5 5 5 5 5
5 5 5 5 5
5 5 5 6 6
6 6 6 6 6
1 1 5 5 5
5 5 5 5 5
5 5 5 5 5
5 5 6 6 6
6 6 6 6 6
1 5 5 5 5
5 5 5 5 5
5 5 5 5 5
5 5 6 6 6
6 6 6 6 6
5 5 5 5 5
5 5 5 5 5
5 5 5 5 5
5 7 7 7 6
6 6 6 6 6
5 5 5 5 5
5 5 5 5 5
5 5 5 5 5
7 7 7 7 7
7 7 6 6 6
5 5 5 5 5
5 5 5 5 5
5 5 5 5 5
7 7 7 7 7
7 7 7 7 6
5 5 5 5 5
5 5 5 5 5
5 5 5 5 7
7 7 7 7 7
7 7 7 7 7
5 5 5 5 5
5 5 5 5 5
5 5 5 5 7
7 7 7 7 7
7 7 7 7 7
5 5 5 5 5
5 5 5 5 5
5 5 5 7 7
7 7 7 7 7
7 7 7 7 7
